data	data	689752	270972	426512	89196	60960	110560	347596	510892	98012	55940	45668	107320	103656	36188	52568	79712	214608	235388	52300	111992	105228	424932	111176	139672	104964	80284	271580	118200	215504	170976	334160	188024	292028	254036	96200	284816	79940	106256	178104	137452	49080	83244	102608	176676	45824	101592	26696	257772	508632	175616	311168	88464	79544	127436	343080	476020	49948	18308	50052	112112	91288	78152	63116	74596	326416	197360	48416	91592	66832	438400	88928	189576	65016	87084	268240	145204	249576	278904	376892	217036	274864	309792	165356	331284	67292	141432	185768	150240	50700	86608	34384	106452	42128	48656	22960	263736	341108	870220	288016	407872	218916	911488	447200	239664	87380	457944	744108	135968	462876	373164	394880	217324	68208	
data	data	HarvardOxford-combined_1	HarvardOxford-combined_2	HarvardOxford-combined_3	HarvardOxford-combined_4	HarvardOxford-combined_5	HarvardOxford-combined_6	HarvardOxford-combined_7	HarvardOxford-combined_8	HarvardOxford-combined_9	HarvardOxford-combined_10	HarvardOxford-combined_11	HarvardOxford-combined_12	HarvardOxford-combined_13	HarvardOxford-combined_14	HarvardOxford-combined_15	HarvardOxford-combined_16	HarvardOxford-combined_17	HarvardOxford-combined_18	HarvardOxford-combined_19	HarvardOxford-combined_20	HarvardOxford-combined_21	HarvardOxford-combined_22	HarvardOxford-combined_23	HarvardOxford-combined_24	HarvardOxford-combined_25	HarvardOxford-combined_26	HarvardOxford-combined_27	HarvardOxford-combined_28	HarvardOxford-combined_29	HarvardOxford-combined_30	HarvardOxford-combined_31	HarvardOxford-combined_32	HarvardOxford-combined_33	HarvardOxford-combined_34	HarvardOxford-combined_35	HarvardOxford-combined_36	HarvardOxford-combined_37	HarvardOxford-combined_38	HarvardOxford-combined_39	HarvardOxford-combined_40	HarvardOxford-combined_41	HarvardOxford-combined_42	HarvardOxford-combined_43	HarvardOxford-combined_44	HarvardOxford-combined_45	HarvardOxford-combined_46	HarvardOxford-combined_47	HarvardOxford-combined_48	HarvardOxford-combined_101	HarvardOxford-combined_102	HarvardOxford-combined_103	HarvardOxford-combined_104	HarvardOxford-combined_105	HarvardOxford-combined_106	HarvardOxford-combined_107	HarvardOxford-combined_108	HarvardOxford-combined_109	HarvardOxford-combined_110	HarvardOxford-combined_111	HarvardOxford-combined_112	HarvardOxford-combined_113	HarvardOxford-combined_114	HarvardOxford-combined_115	HarvardOxford-combined_116	HarvardOxford-combined_117	HarvardOxford-combined_118	HarvardOxford-combined_119	HarvardOxford-combined_120	HarvardOxford-combined_121	HarvardOxford-combined_122	HarvardOxford-combined_123	HarvardOxford-combined_124	HarvardOxford-combined_125	HarvardOxford-combined_126	HarvardOxford-combined_127	HarvardOxford-combined_128	HarvardOxford-combined_129	HarvardOxford-combined_130	HarvardOxford-combined_131	HarvardOxford-combined_132	HarvardOxford-combined_133	HarvardOxford-combined_134	HarvardOxford-combined_135	HarvardOxford-combined_136	HarvardOxford-combined_137	HarvardOxford-combined_138	HarvardOxford-combined_139	HarvardOxford-combined_140	HarvardOxford-combined_141	HarvardOxford-combined_142	HarvardOxford-combined_143	HarvardOxford-combined_144	HarvardOxford-combined_145	HarvardOxford-combined_146	HarvardOxford-combined_147	HarvardOxford-combined_148	HarvardOxford-combined_203	HarvardOxford-combined_204	HarvardOxford-combined_205	HarvardOxford-combined_206	HarvardOxford-combined_207	HarvardOxford-combined_208	HarvardOxford-combined_209	HarvardOxford-combined_210	HarvardOxford-combined_211	HarvardOxford-combined_214	HarvardOxford-combined_215	HarvardOxford-combined_216	HarvardOxford-combined_217	HarvardOxford-combined_218	HarvardOxford-combined_219	HarvardOxford-combined_220	HarvardOxford-combined_221	
689752	HarvardOxford-combined_1	0	15532	19718	9950	7224	742	1416	12742	260	218	58	1154	676	144	202	378	2566	2898	234	432	372	5028	88	2670	5316	38	9854	2882	5742	754	700	1218	19266	1798	772	3810	332	250	528	1498	2220	278	824	4138	114	536	188	7260	24974	382	2774	26	1034	312	244	2404	24	6	16	64	12	318	166	28	482	276	0	2	0	1076	42	472	3794	230	10098	4560	4632	1056	896	662	2972	1616	314	782	398	214	234	456	464	78	74	64	44	48	34	974	3562	8084	3468	3528	960	5396	3704	1494	474	8830	16470	9060	35532	5074	7186	2932	4276	
270972	HarvardOxford-combined_2	15532	0	2202	36	1614	308	732	12408	1404	1046	22	2796	1432	42	120	712	1954	2044	1094	1538	282	2444	148	946	392	6	496	32	42	80	124	634	18884	234	212	1194	22	36	76	1024	3476	6312	5836	9668	3358	3758	70	4854	202	0	30	0	44	28	14	390	2	0	0	0	0	100	2	0	20	12	0	0	0	84	0	118	12	24	144	16	36	40	86	76	90	382	62	132	120	52	12	20	4	0	0	4	0	0	16	124	566	1656	280	240	90	366	1214	250	56	1308	1992	78	10348	266	1614	782	206	
426512	HarvardOxford-combined_3	19718	2202	0	9028	4748	18614	10544	1952	28	92	2	550	652	22	38	150	866	512	104	418	240	428	6	82	110	9032	756	3474	8852	2912	1420	98	670	476	60	240	24	24	136	162	3602	1074	328	304	26	218	12	184	2186	984	12126	808	1280	2834	1620	648	2	0	4	30	10	40	200	14	376	310	2	0	0	518	14	104	154	5364	710	4522	7078	1938	1064	134	536	504	130	314	60	56	132	220	1644	262	12	22	6	4	2	200	712	3540	1650	3068	1210	17002	788	694	80	762	4528	300	8062	14096	894	1430	72	
89196	HarvardOxford-combined_4	9950	36	9028	0	2704	5390	8506	256	2	4	0	20	4	2	2	66	426	116	0	70	126	52	0	8	14	10	26	6	10	2	24	10	34	8	4	10	2	4	2	6	198	4	6	16	2	2	0	26	30	100	162	4	892	1250	46	96	0	0	0	2	0	2	34	0	30	30	0	0	0	64	0	24	2	18	28	8	6	70	56	22	70	62	2	44	24	4	4	4	252	8	2	2	0	0	0	14	266	888	616	408	60	400	154	54	8	306	118	38	382	126	20	58	34	
60960	HarvardOxford-combined_5	7224	1614	4748	2704	0	3704	184	674	30	62	4	282	154	6	38	102	394	234	40	92	46	242	2	18	6	2	22	2	4	2	2	24	1804	6	6	10	0	0	0	14	2206	90	174	414	20	128	2	206	54	4	24	0	20	4	6	22	2	0	0	0	0	2	2	0	4	6	0	0	0	14	0	8	6	0	16	4	2	6	6	6	4	16	2	4	2	0	0	2	6	0	0	2	0	0	0	16	90	126	48	28	10	156	16	8	4	62	96	24	1546	194	22	30	6	
110560	HarvardOxford-combined_6	742	308	18614	5390	3704	0	10236	1920	18	48	0	276	104	2	6	16	116	116	1182	1818	130	36	0	40	14	10	52	6	8	4	22	8	120	22	2	30	14	8	6	12	1948	362	1678	162	28	534	6	94	54	12	62	0	48	66	14	90	0	0	0	0	0	12	6	2	28	6	0	0	0	44	0	18	4	40	62	14	18	66	60	14	44	52	4	44	10	4	6	8	16	0	0	0	0	0	0	20	756	1212	248	112	32	214	128	82	52	252	286	50	408	254	64	172	38	
347596	HarvardOxford-combined_7	1416	732	10544	8506	184	10236	0	1318	6	46	0	572	330	4	36	562	17580	4010	1064	4154	5270	318	32	22	28	2170	120	74	806	1658	538	28	406	188	82	112	26	22	54	34	120	2502	1578	184	58	722	12	48	148	20	270	0	48	58	6564	190	4	0	0	0	0	22	14	4	1106	104	0	0	0	212	0	44	4	528	104	44	850	948	1040	68	64	174	32	152	22	30	42	36	16	2	0	4	0	0	2	58	2040	2270	1174	176	344	24032	312	306	58	4670	8784	842	13480	19848	1698	2164	60	
510892	HarvardOxford-combined_8	12742	12408	1952	256	674	1920	1318	0	9848	232	3494	1208	516	2202	1020	656	598	756	222	318	86	4312	1238	1956	2674	26	4218	308	300	1620	2588	1246	18540	14652	2100	3640	3358	1476	1332	2690	1138	1382	952	14542	398	550	190	6398	930	58	160	0	238	178	260	1294	0	0	10	4	0	168	24	4	306	114	0	0	0	576	6	412	78	98	858	202	250	380	596	408	370	798	198	682	238	100	56	108	10	10	2	10	4	6	10	672	3228	7998	1460	1380	672	5492	2506	800	360	6554	16502	2168	8400	5326	14698	19012	1754	
98012	HarvardOxford-combined_9	260	1404	28	2	30	18	6	9848	0	1124	4994	1350	8	68	212	14	42	1392	28	30	106	2730	220	1118	6	0	14	0	0	48	44	300	354	26	290	1608	8	14	270	1786	58	222	106	11130	1232	390	48	3034	104	0	2	0	2	0	0	74	0	0	0	0	0	10	4	0	2	0	0	0	0	14	0	36	2	0	24	2	4	10	26	28	20	72	30	92	22	10	2	2	0	0	0	2	0	0	2	30	64	268	28	102	30	74	386	34	16	178	524	16	236	26	352	20	4	
55940	HarvardOxford-combined_10	218	1046	92	4	62	48	46	232	1124	0	854	5760	976	8	96	18	306	4242	328	1178	962	2816	2	0	2	0	2	0	2	0	28	0	110	0	0	2	0	0	0	0	236	550	1920	500	222	3292	0	22	2	0	0	0	2	2	0	0	0	0	2	0	0	0	0	0	0	0	0	0	0	4	0	0	0	0	0	2	2	0	0	0	0	0	0	0	0	0	0	0	0	0	0	0	0	0	0	0	8	12	8	0	0	12	2	0	0	2	0	0	540	58	6	0	0	
45668	HarvardOxford-combined_11	58	22	2	0	4	0	0	3494	4994	854	0	2092	32	1456	236	52	4	914	0	0	46	1088	168	494	0	0	8	2	2	14	14	140	26	4	82	870	4	8	308	1308	4	2	0	1334	2	48	12	1796	40	0	0	0	0	0	2	18	0	0	0	0	0	2	2	0	2	0	0	0	0	0	0	6	2	0	2	0	0	4	6	4	6	10	6	18	6	2	0	0	0	0	0	0	0	0	0	8	6	60	12	34	2	20	100	8	2	36	190	2	80	18	110	8	2	
107320	HarvardOxford-combined_12	1154	2796	550	20	282	276	572	1208	1350	5760	2092	0	6184	92	2088	1134	1122	6168	886	5126	2188	3342	72	110	12	2	14	2	4	2	34	66	602	4	20	306	0	6	158	472	650	848	994	710	184	1034	2	1044	14	4	8	0	18	8	2	8	2	0	0	0	0	0	0	0	4	4	0	0	0	6	0	6	0	2	6	2	2	2	8	10	4	0	2	4	0	0	0	2	4	0	0	0	0	0	0	6	42	62	42	16	10	62	4	0	0	44	52	10	1348	58	12	18	0	
103656	HarvardOxford-combined_13	676	1432	652	4	154	104	330	516	8	976	32	6184	0	272	318	4184	544	300	296	5628	11712	10062	5048	0	4	0	6	0	0	0	14	4	316	4	4	4	72	118	100	8	194	220	240	126	16	354	0	36	2	2	0	0	4	0	0	2	0	0	0	0	0	0	0	0	2	0	0	0	0	2	0	0	0	0	4	2	2	0	0	2	2	0	0	0	0	0	0	0	0	0	0	0	0	0	0	2	10	10	6	4	0	2	0	0	0	2	0	0	482	10	0	2	0	
36188	HarvardOxford-combined_14	144	42	22	2	6	2	4	2202	68	8	1456	92	272	0	1684	586	2	94	0	0	50	2710	1598	204	6	0	12	4	4	0	14	510	58	14	36	592	384	98	1280	716	4	0	0	32	4	6	6	1990	8	2	2	0	10	4	2	16	0	0	0	0	0	4	0	0	2	0	0	0	0	12	0	2	0	0	10	2	0	2	12	6	10	4	2	6	2	0	2	0	2	0	0	0	0	0	0	4	42	76	18	24	8	72	26	2	8	146	168	36	182	46	64	20	10	
52568	HarvardOxford-combined_15	202	120	38	2	38	6	36	1020	212	96	236	2088	318	1684	0	6092	114	980	10	106	242	3244	3114	10	0	0	4	0	0	0	2	104	104	18	8	48	918	1786	2044	100	36	6	16	146	20	14	0	332	10	0	2	0	10	0	0	6	0	0	0	0	0	0	0	0	0	0	0	0	0	10	0	2	0	0	4	0	2	0	10	8	2	2	0	6	2	4	8	4	4	0	0	0	0	0	0	2	10	18	6	4	0	58	6	0	2	28	36	0	252	36	8	4	4	
79712	HarvardOxford-combined_16	378	712	150	66	102	16	562	656	14	18	52	1134	4184	586	6092	0	828	588	22	392	1550	4572	6596	8	2	0	2	0	0	0	16	40	254	34	18	224	676	2284	4742	408	62	50	44	72	16	36	0	316	0	0	4	0	0	0	0	2	0	0	0	0	0	0	2	10	6	12	0	0	0	8	0	0	0	0	4	2	2	0	0	4	0	16	4	56	2	54	154	14	0	0	0	0	0	0	0	8	6	16	10	12	2	212	6	4	0	6	14	2	580	30	12	6	0	
214608	HarvardOxford-combined_17	2566	1954	866	426	394	116	17580	598	42	306	4	1122	544	2	114	828	0	11242	3198	2926	3252	422	50	16	36	68	48	64	142	190	906	10	734	112	78	106	22	32	58	36	198	2868	1594	396	290	1802	6	50	82	20	114	0	46	34	344	104	2	2	0	0	0	22	10	6	1382	122	0	0	0	266	2	30	4	50	38	4	80	480	1412	40	32	98	18	102	8	22	54	48	12	4	0	2	0	0	2	34	664	1786	344	136	88	10206	166	96	16	1746	8796	470	12094	5632	888	582	48	
235388	HarvardOxford-combined_18	2898	2044	512	116	234	116	4010	756	1392	4242	914	6168	300	94	980	588	11242	0	286	5038	5384	20568	134	12	26	14	52	8	20	22	4090	10	1182	52	34	92	20	30	104	42	94	1106	684	1218	1944	5268	2	46	74	28	90	2	64	38	80	66	0	0	0	4	2	4	18	8	728	84	0	0	0	260	0	16	4	32	32	6	10	280	1214	30	24	58	18	56	4	8	60	74	18	2	0	4	0	0	2	32	226	990	218	154	70	6584	82	54	12	902	4842	394	8718	5660	768	220	78	
52300	HarvardOxford-combined_19	234	1094	104	0	40	1182	1064	222	28	328	0	886	296	0	10	22	3198	286	0	6142	8	56	0	2	4	0	0	0	0	0	10	0	112	0	0	2	0	0	0	2	150	1716	5510	478	382	2210	0	2	0	0	0	0	0	0	2	0	0	0	0	0	0	0	0	0	0	0	0	0	0	0	0	0	0	0	0	0	0	0	0	0	0	0	0	0	0	0	0	0	0	0	0	0	0	0	0	0	2	4	4	0	0	2	0	0	0	4	2	0	326	20	0	4	0	
111992	HarvardOxford-combined_20	432	1538	418	70	92	1818	4154	318	30	1178	0	5126	5628	0	106	392	2926	5038	6142	0	7812	440	12	0	6	0	0	0	0	0	40	0	178	0	0	0	0	0	0	0	360	1672	4828	434	266	3944	0	10	0	0	0	0	2	0	0	4	0	0	0	0	0	4	0	0	0	0	0	0	0	0	0	0	0	0	2	0	0	0	0	0	0	0	0	0	2	0	0	0	2	0	0	0	0	0	0	0	2	18	16	0	0	4	2	0	0	12	2	2	472	36	0	6	0	
105228	HarvardOxford-combined_21	372	282	240	126	46	130	5270	86	106	962	46	2188	11712	50	242	1550	3252	5384	8	7812	0	9478	1490	0	4	0	2	0	0	0	2	0	178	0	4	2	2	8	8	0	24	58	50	92	28	676	0	6	0	0	0	0	4	2	2	0	0	0	0	0	0	0	0	0	2	0	0	0	0	2	0	0	0	0	2	0	0	2	2	0	0	0	0	2	0	0	0	0	0	0	0	0	0	0	0	0	4	12	12	0	2	10	2	0	0	8	2	0	520	40	0	4	2	
424932	HarvardOxford-combined_22	5028	2444	428	52	242	36	318	4312	2730	2816	1088	3342	10062	2710	3244	4572	422	20568	56	440	9478	0	14420	288	58	18	144	12	32	912	11500	5354	1982	1822	1422	1548	1452	3784	7998	1690	116	412	238	3164	1406	3120	122	8742	214	20	86	0	54	34	54	610	4	0	4	2	0	22	6	6	84	78	0	0	0	7694	0	546	10	64	92	12	34	1572	5674	3474	72	256	124	276	12	34	106	100	8	2	0	8	0	2	368	1268	590	2352	394	730	720	9002	316	330	64	1044	5420	266	10316	8386	2520	702	84	
111176	HarvardOxford-combined_23	88	148	6	0	2	0	32	1238	220	2	168	72	5048	1598	3114	6596	50	134	0	12	1490	14420	0	22	0	0	2	0	0	4	6	78	108	58	82	332	1208	3246	5552	3430	0	0	0	274	2	4	0	6410	0	0	0	0	2	0	0	10	0	0	0	0	0	0	0	0	0	0	0	0	0	2	0	0	0	0	2	0	0	0	0	2	0	6	0	18	0	6	22	2	0	0	0	0	0	0	0	4	6	6	2	8	6	62	2	2	0	26	22	4	76	12	12	10	0	
139672	HarvardOxford-combined_24	2670	946	82	8	18	40	22	1956	1118	0	494	110	0	204	10	8	16	12	2	0	0	288	22	0	88	4	142	14	48	1572	4550	8778	994	532	1746	10706	180	290	1484	3432	14	2	2	1192	0	2	1286	4408	258	8	34	0	16	8	2	386	0	0	2	0	0	168	2	2	10	8	0	0	0	152	2	1112	16	12	138	12	64	320	868	320	70	242	200	902	64	90	30	22	2	0	0	8	0	0	126	262	818	1884	214	366	140	694	1384	156	56	2126	2366	138	2068	650	1082	146	118	
104964	HarvardOxford-combined_25	5316	392	110	14	6	14	28	2674	6	2	0	12	4	6	0	2	36	26	4	6	4	58	0	88	0	8	10282	2214	682	106	136	60	4946	1060	106	310	32	20	62	20	10	8	12	142	0	10	14	102	1116	54	42	4	18	8	50	1124	12	0	16	4	0	8	14	6	38	28	0	0	0	78	10	76	1264	34	5582	1850	1050	78	70	160	1668	194	82	218	26	32	124	250	8	4	4	22	2	4	0	248	372	636	204	306	122	396	310	726	146	738	728	118	342	122	700	1058	628	
80284	HarvardOxford-combined_26	38	6	9032	10	2	10	2170	26	0	0	0	2	0	0	0	0	68	14	0	0	0	18	0	4	8	0	20	380	3520	392	340	6	4	16	8	6	2	4	2	4	8	2	0	0	0	0	0	2	52	32	3702	2	2	52	3136	28	0	0	0	0	0	4	8	0	118	20	0	0	0	36	0	8	0	6102	28	406	2962	694	472	4	18	22	10	18	2	2	4	6	8	2	0	2	0	0	0	12	372	754	204	164	24	2124	60	10	8	540	726	104	38	838	38	38	2	
271580	HarvardOxford-combined_27	9854	496	756	26	22	52	120	4218	14	2	8	14	6	12	4	2	48	52	0	0	2	144	2	142	10282	20	0	5602	6186	1014	492	132	9162	2914	192	334	74	48	36	34	12	4	4	116	2	4	26	168	6310	98	268	4	100	50	156	2950	24	0	20	10	0	82	28	14	182	78	0	0	0	310	52	234	3862	64	21166	4892	5156	434	274	486	4994	718	166	534	80	70	430	1006	26	22	14	34	10	8	10	1042	1660	2220	948	1334	444	1666	924	2292	1018	2788	2164	472	1130	364	2236	3042	1766	
118200	HarvardOxford-combined_28	2882	32	3474	6	2	6	74	308	0	0	2	2	0	4	0	0	64	8	0	0	0	12	0	14	2214	380	5602	0	7864	1646	790	48	472	250	46	68	40	30	10	2	2	0	0	4	0	0	8	12	2688	48	1460	32	290	318	48	474	8	0	0	2	2	16	38	6	46	64	0	0	0	190	28	42	478	146	4352	7408	5612	1486	630	198	924	132	48	92	24	14	116	264	118	8	0	6	4	0	0	390	160	304	92	772	114	258	158	318	210	510	444	42	212	62	296	122	398	
215504	HarvardOxford-combined_29	5742	42	8852	10	4	8	806	300	0	2	2	4	0	4	0	0	142	20	0	0	0	32	0	48	682	3520	6186	7864	0	6124	2434	74	288	238	46	108	30	20	10	4	6	0	2	10	0	2	8	26	7954	54	4922	14	316	398	576	470	10	0	6	8	2	16	34	4	150	100	0	0	0	414	22	76	506	2970	5816	5346	20418	3456	1540	210	1020	172	68	142	32	6	148	292	106	2	0	12	2	0	0	396	204	528	178	660	148	474	250	342	282	560	598	54	368	124	378	120	578	
170976	HarvardOxford-combined_30	754	80	2912	2	2	4	1658	1620	48	0	14	2	0	0	0	0	190	22	0	0	0	912	4	1572	106	392	1014	1646	6124	0	12404	1236	352	3750	2162	2028	352	276	76	16	2	0	0	96	0	0	444	72	1430	10	932	2	26	26	444	244	4	0	0	2	0	26	6	0	848	228	0	0	0	1622	2	84	114	366	838	1444	4154	10962	5358	154	236	192	108	112	46	6	50	96	14	2	0	6	0	0	8	144	244	698	226	140	72	794	396	178	74	526	2892	266	182	162	5116	672	160	
334160	HarvardOxford-combined_31	700	124	1420	24	2	22	538	2588	44	28	14	34	14	14	2	16	906	4090	10	40	2	11500	6	4550	136	340	492	790	2434	12404	0	8804	394	5990	3210	2550	1084	954	240	60	4	2	34	106	2	36	2084	740	894	24	950	2	44	30	218	582	2	0	4	8	2	150	30	8	2248	832	0	0	0	10408	6	2166	34	422	332	1204	3028	10792	19162	1848	150	762	772	1096	90	82	136	84	8	0	0	12	0	0	236	740	966	4468	438	528	252	7290	1760	420	86	3240	7724	438	684	1948	6802	744	116	
188024	HarvardOxford-combined_32	1218	634	98	10	24	8	28	1246	300	0	140	66	4	510	104	40	10	10	0	0	0	5354	78	8778	60	6	132	48	74	1236	8804	0	450	802	1300	6230	248	398	1880	150	10	14	0	630	10	0	1548	4920	742	10	88	0	12	6	4	682	24	0	8	4	0	278	8	6	18	10	0	2	2	642	2	6730	20	20	206	90	250	1294	4070	6690	216	622	808	3484	86	144	344	84	0	2	0	50	0	0	822	2550	848	2000	194	634	258	1302	1542	274	106	2522	2048	108	1506	754	980	160	36	
292028	HarvardOxford-combined_33	19266	18884	670	34	1804	120	406	18540	354	110	26	602	316	58	104	254	734	1182	112	178	178	1982	108	994	4946	4	9162	472	288	352	394	450	0	4722	480	1550	92	72	162	984	1552	392	560	5780	110	372	78	3746	422	12	78	0	54	46	204	834	4	0	0	0	0	124	4	4	208	66	0	0	0	164	2	180	192	36	1378	394	374	116	192	162	468	608	114	216	172	76	34	58	8	2	0	6	2	0	14	242	1058	2890	492	478	376	1604	1542	666	192	2296	4322	248	6284	748	4654	6256	902	
254036	HarvardOxford-combined_34	1798	234	476	8	6	22	188	14652	26	0	4	4	4	14	18	34	112	52	0	0	0	1822	58	532	1060	16	2914	250	238	3750	5990	802	4722	0	5162	1208	3738	3758	876	400	2	2	0	92	0	0	308	288	582	32	136	0	66	36	160	536	2	0	2	0	0	114	10	12	172	74	0	0	0	152	2	304	60	34	484	116	154	268	352	246	222	594	262	646	114	140	186	60	2	0	0	14	0	0	8	254	538	2372	310	614	402	7568	2010	586	106	2478	11098	1558	1224	918	22242	9790	956	
96200	HarvardOxford-combined_35	772	212	60	4	6	2	82	2100	290	0	82	20	4	36	8	18	78	34	0	0	4	1422	82	1746	106	8	192	46	46	2162	3210	1300	480	5162	0	4904	2176	3748	1946	196	0	0	0	368	0	0	440	770	262	6	22	0	4	2	22	190	4	0	2	0	0	30	2	0	16	20	0	0	0	68	0	192	14	10	100	16	26	40	102	112	80	226	174	394	62	62	62	32	0	0	0	12	0	0	14	120	150	868	50	292	120	2068	1072	138	28	290	1374	82	300	138	3944	314	50	
284816	HarvardOxford-combined_36	3810	1194	240	10	10	30	112	3640	1608	2	870	306	4	592	48	224	106	92	2	0	2	1548	332	10706	310	6	334	68	108	2028	2550	6230	1550	1208	4904	0	634	2858	15466	13746	2	0	0	1692	0	0	536	5044	2040	152	78	0	32	20	66	754	12	0	132	2	2	142	40	88	68	80	0	0	0	346	16	2304	80	30	308	50	120	592	858	452	1096	848	1388	12222	124	1820	4396	1530	6	4	0	356	0	0	306	1304	816	2282	382	1244	276	6848	1386	242	150	1196	3482	496	1556	694	1758	402	172	
79940	HarvardOxford-combined_37	332	22	24	2	0	14	26	3358	8	0	4	0	72	384	918	676	22	20	0	0	2	1452	1208	180	32	2	74	40	30	352	1084	248	92	3738	2176	634	0	6932	1484	14	2	0	0	14	0	0	136	256	194	8	16	0	6	0	6	136	2	0	0	0	0	44	0	2	16	0	0	0	0	22	0	140	4	6	60	12	18	42	72	92	62	152	74	228	46	12	8	14	0	0	0	4	0	0	2	102	172	788	108	216	86	456	808	88	32	1244	2702	496	472	168	4076	186	206	
106256	HarvardOxford-combined_38	250	36	24	4	0	8	22	1476	14	0	8	6	118	98	1786	2284	32	30	0	0	8	3784	3246	290	20	4	48	30	20	276	954	398	72	3758	3748	2858	6932	0	7714	278	2	0	0	32	0	0	134	1022	186	2	16	0	4	2	14	134	2	0	0	0	0	38	4	4	12	4	0	0	0	40	0	162	0	2	52	6	16	36	58	102	60	236	290	542	44	90	134	44	0	0	0	4	0	0	4	102	148	740	54	218	82	970	818	110	24	608	1474	246	178	104	2836	102	146	
178104	HarvardOxford-combined_39	528	76	136	2	0	6	54	1332	270	0	308	158	100	1280	2044	4742	58	104	0	0	8	7998	5552	1484	62	2	36	10	10	76	240	1880	162	876	1946	15466	1484	7714	0	10816	0	0	0	196	0	0	42	5478	34	0	46	0	2	2	32	90	0	0	0	0	0	8	6	40	34	40	0	0	0	100	0	66	0	2	20	6	12	24	70	54	20	354	520	4046	20	1564	2976	202	0	0	0	0	0	0	4	44	60	216	16	50	72	4134	132	64	8	70	314	42	226	224	174	60	16	
137452	HarvardOxford-combined_40	1498	1024	162	6	14	12	34	2690	1786	0	1308	472	8	716	100	408	36	42	2	0	0	1690	3430	3432	20	4	34	2	4	16	60	150	984	400	196	13746	14	278	10816	0	12	2	0	1486	2	0	212	7782	42	2	36	0	10	6	32	68	0	0	0	0	0	8	8	54	20	38	0	0	0	86	2	18	2	6	24	2	2	16	38	30	18	282	80	2098	12	780	2724	240	0	0	0	0	0	0	2	34	122	214	48	52	86	4528	70	62	26	116	370	56	592	298	72	86	18	
49080	HarvardOxford-combined_41	2220	3476	3602	198	2206	1948	120	1138	58	236	4	650	194	4	36	62	198	94	150	360	24	116	0	14	10	8	12	2	6	2	4	10	1552	2	0	2	2	2	0	12	0	1732	966	614	56	626	2	188	18	6	14	2	30	26	6	22	0	0	0	0	0	4	0	0	8	0	0	0	0	12	0	8	2	6	16	4	8	24	16	2	12	12	2	10	4	2	2	0	6	0	0	0	0	0	0	6	182	262	68	20	6	60	34	16	8	58	68	20	406	58	18	44	4	
83244	HarvardOxford-combined_42	278	6312	1074	4	90	362	2502	1382	222	550	2	848	220	0	6	50	2868	1106	1716	1672	58	412	0	2	8	2	4	0	0	0	2	14	392	2	0	0	0	0	0	2	1732	0	5294	3462	3184	4472	0	56	0	0	2	0	0	0	0	0	0	0	0	0	0	2	2	0	0	0	0	0	0	0	0	0	0	2	4	0	0	2	2	0	0	0	0	4	2	2	2	2	0	0	0	0	0	0	0	2	2	12	2	2	0	12	4	0	2	6	8	2	1120	42	2	12	2	
102608	HarvardOxford-combined_43	824	5836	328	6	174	1678	1578	952	106	1920	0	994	240	0	16	44	1594	684	5510	4828	50	238	0	2	12	0	4	0	2	0	34	0	560	0	0	0	0	0	0	0	966	5294	0	1582	2194	10306	0	42	2	0	0	0	2	0	0	4	0	0	0	0	0	4	0	0	0	0	0	0	0	0	0	0	0	0	2	0	2	0	0	0	0	0	0	2	2	0	0	2	2	0	0	0	0	0	0	2	16	34	20	4	2	32	4	0	0	14	16	2	2332	180	12	12	0	
176676	HarvardOxford-combined_44	4138	9668	304	16	414	162	184	14542	11130	500	1334	710	126	32	146	72	396	1218	478	434	92	3164	274	1192	142	0	116	4	10	96	106	630	5780	92	368	1692	14	32	196	1486	614	3462	1582	0	3910	1344	62	4132	174	0	12	0	6	6	8	398	2	0	0	0	0	80	4	0	10	2	0	0	0	28	0	96	6	10	76	6	12	30	74	60	70	450	80	160	110	68	8	12	0	0	0	4	0	0	6	68	238	1302	88	188	78	202	1302	284	40	872	1932	30	936	184	1700	194	36	
45824	HarvardOxford-combined_45	114	3358	26	2	20	28	58	398	1232	222	2	184	16	4	20	16	290	1944	382	266	28	1406	2	0	0	0	2	0	0	0	2	10	110	0	0	0	0	0	0	2	56	3184	2194	3910	0	2836	0	30	0	0	0	0	0	0	0	0	0	0	2	0	0	0	0	0	0	0	0	0	0	0	0	2	0	0	2	0	0	0	0	0	0	0	0	2	0	0	0	0	0	0	0	0	0	0	2	0	4	4	2	0	0	2	0	0	0	0	0	0	522	10	0	4	0	
101592	HarvardOxford-combined_46	536	3758	218	2	128	534	722	550	390	3292	48	1034	354	6	14	36	1802	5268	2210	3944	676	3120	4	2	10	0	4	0	2	0	36	0	372	0	0	0	0	0	0	0	626	4472	10306	1344	2836	0	0	22	4	0	0	0	2	0	0	4	0	0	0	0	0	4	0	0	0	2	0	0	0	2	0	2	0	0	2	0	2	0	0	0	0	0	0	2	0	0	0	2	2	0	0	0	0	0	0	2	12	26	14	4	2	30	0	0	0	14	16	2	1774	178	8	6	0	
26696	HarvardOxford-combined_47	188	70	12	0	2	6	12	190	48	0	12	2	0	6	0	0	6	2	0	0	0	122	0	1286	14	0	26	8	8	444	2084	1548	78	308	440	536	136	134	42	212	2	0	0	62	0	0	0	350	94	0	6	0	0	0	4	98	2	0	2	0	0	56	0	0	0	2	0	0	0	70	0	586	2	4	30	10	10	74	338	198	22	40	54	392	12	20	16	0	0	0	0	6	0	0	292	110	182	274	16	70	36	174	208	18	12	560	346	16	126	28	284	40	12	
257772	HarvardOxford-combined_48	7260	4854	184	26	206	94	48	6398	3034	22	1796	1044	36	1990	332	316	50	46	2	10	6	8742	6410	4408	102	2	168	12	26	72	740	4920	3746	288	770	5044	256	1022	5478	7782	188	56	42	4132	30	22	350	0	434	16	44	0	60	44	22	490	14	0	2	0	0	174	8	2	44	14	0	0	0	132	4	4580	30	26	140	12	18	172	1008	1750	148	274	244	2168	76	76	44	60	0	0	0	44	0	0	250	3338	2102	2496	302	766	340	1914	1530	166	68	6218	3162	192	7762	2172	544	454	174	
508632	HarvardOxford-combined_101	24974	202	2186	30	54	54	148	930	104	2	40	14	2	8	10	0	82	74	0	0	0	214	0	258	1116	52	6310	2688	7954	1430	894	742	422	582	262	2040	194	186	34	42	18	0	2	174	0	4	94	434	0	2344	11186	10106	7186	2160	676	5064	46	12	36	162	52	436	548	64	1704	1100	28	4	2	2766	142	2662	4290	174	7534	3184	8202	3254	1824	3334	13932	1236	562	9160	388	300	732	2826	1696	452	404	1240	188	264	140	7552	5928	10662	12960	25718	1182	2530	3776	1272	3514	2190	3356	644	1490	730	1356	468	126	
175616	HarvardOxford-combined_102	382	0	984	100	4	12	20	58	0	0	0	4	2	2	0	0	20	28	0	0	0	20	0	8	54	32	98	48	54	10	24	10	12	32	6	152	8	2	0	2	6	0	0	0	0	0	0	16	2344	0	4940	174	804	642	1708	10888	1048	12	44	374	160	70	1236	150	1436	958	94	2	2	956	118	146	142	74	308	16	36	34	184	678	11276	96	46	466	8	62	134	670	4266	6858	1078	7190	3034	822	0	2390	86	192	86	15044	382	322	50	302	50	174	480	22	80	40	66	36	12	
311168	HarvardOxford-combined_103	2774	30	12126	162	24	62	270	160	2	0	0	8	0	2	2	4	114	90	0	0	0	86	0	34	42	3702	268	1460	4922	932	950	88	78	136	22	78	16	16	46	36	14	2	0	12	0	0	6	44	11186	4940	0	11046	4560	19128	9504	1116	4	8	4	220	122	22	258	14	432	230	0	4	0	368	8	74	108	6060	274	3560	6072	2934	1392	134	1862	228	126	236	70	28	50	96	2158	2150	8	144	14	22	0	208	250	6520	358	11126	2852	9962	460	204	18	382	1522	56	716	762	218	168	8	
88464	HarvardOxford-combined_104	26	0	808	4	0	0	0	0	0	0	0	0	0	0	0	0	0	2	0	0	0	0	0	0	4	2	4	32	14	2	2	0	0	0	0	0	0	0	0	0	2	0	0	0	0	0	0	0	10106	174	11046	0	1250	6402	10176	70	2	30	2	544	422	8	1362	110	268	36	2	374	162	18	20	2	0	24	4	4	4	2	0	4	84	2	0	2	2	0	0	2	108	56	24	16	12	54	0	8	0	12	8	246	4	12	2	6	0	4	16	2	16	2	2	0	0	
79544	HarvardOxford-combined_105	1034	44	1280	892	20	48	48	238	2	2	0	18	4	10	10	0	46	64	0	2	4	54	2	16	18	2	100	290	316	26	44	12	54	66	4	32	6	4	2	10	30	0	2	6	0	2	0	60	7186	804	4560	1250	0	9054	44	336	0	0	2	14	4	8	82	4	64	52	0	0	0	104	4	20	12	6	92	74	154	62	72	56	974	44	4	38	14	10	22	20	3204	34	2	44	4	4	0	82	634	1068	424	514	32	800	102	42	34	606	750	106	586	264	102	118	46	
127436	HarvardOxford-combined_106	312	28	2834	1250	4	66	58	178	0	2	0	8	0	4	0	0	34	38	0	0	2	34	0	8	8	52	50	318	398	26	30	6	46	36	2	20	0	2	2	6	26	0	0	6	0	0	0	44	2160	642	19128	6402	9054	0	7908	326	10	64	26	500	180	0	270	10	234	110	106	18	2	66	4	10	6	32	50	42	108	24	32	18	142	24	2	24	10	8	12	10	3170	1702	102	78	96	172	0	40	482	742	248	422	28	736	48	26	30	482	592	66	376	174	68	94	32	
343080	HarvardOxford-combined_107	244	14	1620	46	6	14	6564	260	0	0	2	2	0	2	0	0	344	80	2	0	2	54	0	2	50	3136	156	48	576	444	218	4	204	160	22	66	6	14	32	32	6	0	0	8	0	0	4	22	676	1708	9504	10176	44	7908	0	798	38	812	124	10446	3396	8	3516	396	23336	630	5488	6658	330	248	44	34	16	1822	116	210	1090	976	508	48	542	150	24	90	10	48	68	60	188	4254	1348	372	560	2164	2	84	648	6568	1174	6646	13574	14988	816	2304	20	5046	2098	532	238	680	272	388	14	
476020	HarvardOxford-combined_108	2404	390	648	96	22	90	190	1294	74	0	18	8	2	16	6	2	104	66	0	4	0	610	10	386	1124	28	2950	474	470	244	582	682	834	536	190	754	136	134	90	68	22	0	4	398	0	4	98	490	5064	10888	1116	70	336	326	798	0	5262	48	5302	278	58	5156	488	208	890	1074	38	0	4	5896	844	1410	1142	136	5476	514	776	1848	2024	3670	16712	16378	2240	3396	3416	1800	1410	2124	1046	1988	324	11288	732	280	80	5692	5088	16112	4302	9452	3610	3944	14404	19712	2068	3292	4612	348	992	626	1980	558	112	
49948	HarvardOxford-combined_109	24	2	2	0	2	0	4	0	0	0	0	2	0	0	0	0	2	0	0	0	0	4	0	0	12	0	24	8	10	4	2	24	4	2	4	12	2	2	0	0	0	0	0	2	0	0	2	14	46	1048	4	2	0	10	38	5262	0	212	1482	164	2	386	56	6	70	166	10	10	0	2646	56	100	8	0	40	2	4	40	284	1810	156	108	126	80	44	204	264	144	10	502	42	6384	934	408	4	1008	6	18	2	274	14	16	40	16	8	6	12	0	4	0	6	0	0	
18308	HarvardOxford-combined_110	6	0	0	0	0	0	0	0	0	0	0	0	0	0	0	0	2	0	0	0	0	0	0	0	0	0	0	0	0	0	0	0	0	0	0	0	0	0	0	0	0	0	0	0	0	0	0	0	12	12	8	30	0	64	812	48	212	0	528	3326	74	48	92	4	64	140	70	920	60	966	4	0	0	0	0	0	0	0	4	26	4	0	0	0	0	10	4	0	2	62	102	64	16	1314	0	2	0	4	0	26	8	2	0	0	0	0	2	0	0	0	0	0	0	
50052	HarvardOxford-combined_111	16	0	4	0	0	0	0	10	0	2	0	0	0	0	0	0	0	0	0	0	0	4	0	2	16	0	20	0	6	0	4	8	0	2	2	132	0	0	0	0	0	0	0	0	2	0	2	2	36	44	4	2	2	26	124	5302	1482	528	0	3670	8	1286	22	36	566	1334	16	30	2	4562	350	80	10	0	54	2	6	10	126	950	94	28	34	412	34	66	148	596	4	60	88	1028	16	136	2	1130	10	20	2	58	44	32	10	12	20	4	20	0	8	4	0	2	0	
112112	HarvardOxford-combined_112	64	0	30	2	0	0	0	4	0	0	0	0	0	0	0	0	0	4	0	0	0	2	0	0	4	0	10	2	8	2	8	4	0	0	0	2	0	0	0	0	0	0	0	0	0	0	0	0	162	374	220	544	14	500	10446	278	164	3326	3670	0	10050	112	1592	1218	1158	1502	452	4620	3870	7710	182	0	12	0	14	0	4	6	38	284	160	12	10	6	18	48	50	90	46	424	834	110	88	684	0	94	0	24	4	556	56	30	6	2	0	2	20	2	6	6	0	0	0	
91288	HarvardOxford-combined_113	12	0	10	0	0	0	0	0	0	0	0	0	0	0	0	0	0	2	0	0	0	0	0	0	0	0	0	2	2	0	2	0	0	0	0	2	0	0	0	0	0	0	0	0	0	0	0	0	52	160	122	422	4	180	3396	58	2	74	8	10050	0	58	556	3698	712	522	26	2556	6608	11402	3788	0	2	0	0	0	2	2	6	46	80	12	16	10	20	82	132	284	26	36	0	10	6	10	0	106	0	4	2	232	10	6	4	2	2	0	4	2	0	2	0	0	0	
78152	HarvardOxford-combined_114	318	100	40	2	2	12	22	168	10	0	2	0	0	4	0	0	22	4	0	4	0	22	0	168	8	4	82	16	16	26	150	278	124	114	30	142	44	38	8	8	4	2	4	80	0	4	56	174	436	70	22	8	8	0	8	5156	386	48	1286	112	58	0	192	288	350	638	0	0	6	2550	1154	412	10	18	168	8	14	106	278	802	122	420	818	1644	846	1566	1296	608	12	6	2	402	6	2	20	814	1316	3170	1004	326	308	384	3718	116	326	986	1108	66	102	52	516	70	20	
63116	HarvardOxford-combined_115	166	2	200	34	2	6	14	24	4	0	2	0	0	0	0	2	10	18	0	0	0	6	0	2	14	8	28	38	34	6	30	8	4	10	2	40	0	4	6	8	0	2	0	4	0	0	0	8	548	1236	258	1362	82	270	3516	488	56	92	22	1592	556	192	0	2918	1572	1350	26	88	68	2734	796	22	8	0	36	20	26	4	66	132	808	230	298	162	76	1478	1724	684	270	416	48	252	162	212	0	590	66	74	36	2384	78	140	16	28	10	104	210	30	38	30	10	10	2	
74596	HarvardOxford-combined_116	28	0	14	0	0	2	4	4	0	0	0	0	0	0	0	10	6	8	0	0	0	6	0	2	6	0	14	6	4	0	8	6	4	12	0	88	2	4	40	54	0	0	0	0	0	0	0	2	64	150	14	110	4	10	396	208	6	4	36	1218	3698	288	2918	0	1160	1262	2	62	202	4532	5986	10	8	0	20	4	2	0	12	200	126	596	760	370	180	2692	4838	3196	24	46	4	32	14	14	0	820	18	22	0	190	28	270	20	16	6	20	30	4	16	14	10	2	0	
326416	HarvardOxford-combined_117	482	20	376	30	4	28	1106	306	2	0	2	4	2	2	0	6	1382	728	0	0	2	84	0	10	38	118	182	46	150	848	2248	18	208	172	16	68	16	12	34	20	8	0	0	10	0	0	0	44	1704	1436	432	268	64	234	23336	890	70	64	566	1158	712	350	1572	1160	0	19190	5658	8098	2052	920	494	58	32	90	136	28	166	506	2748	110	492	200	70	140	70	324	156	152	174	2850	306	218	226	320	2	140	1156	15596	2292	9324	13794	20482	1772	1982	114	3638	2268	414	238	476	350	322	16	
197360	HarvardOxford-combined_118	276	12	310	30	6	6	104	114	0	0	0	4	0	0	0	12	122	84	0	0	0	78	0	8	28	20	78	64	100	228	832	10	66	74	20	80	0	4	40	38	0	0	0	2	0	2	2	14	1100	958	230	36	52	110	630	1074	166	140	1334	1502	522	638	1350	1262	19190	0	436	6286	4432	16088	652	24	10	44	54	22	76	188	4648	86	368	110	78	100	106	568	216	244	128	568	118	384	298	406	2	104	128	4928	174	5840	5744	8842	536	414	12	226	940	78	158	394	124	134	2	
48416	HarvardOxford-combined_119	0	0	2	0	0	0	0	0	0	0	0	0	0	0	0	0	0	0	0	0	0	0	0	0	0	0	0	0	0	0	0	0	0	0	0	0	0	0	0	0	0	0	0	0	0	0	0	0	28	94	0	2	0	106	5488	38	10	70	16	452	26	0	26	2	5658	436	0	6892	8	74	2	0	0	0	0	0	0	0	6	2	16	0	0	0	0	0	2	2	4	1702	1504	18	112	1312	0	0	0	0	0	90	6	0	0	2	0	0	0	0	0	0	0	0	0	
91592	HarvardOxford-combined_120	2	0	0	0	0	0	0	0	0	0	0	0	0	0	0	0	0	0	0	0	0	0	0	0	0	0	0	0	0	0	0	2	0	0	0	0	0	0	0	0	0	0	0	0	0	0	0	0	4	2	4	374	0	18	6658	0	10	920	30	4620	2556	0	88	62	8098	6286	6892	0	6182	682	8	2	0	0	0	0	0	0	0	2	0	0	0	2	0	0	0	0	0	138	482	0	8	1654	0	0	0	2	0	4	2	0	0	0	0	0	2	0	0	0	0	0	0	
66832	HarvardOxford-combined_121	0	0	0	0	0	0	0	0	0	0	0	0	0	0	0	0	0	0	0	0	0	0	0	0	0	0	0	0	0	0	0	2	0	0	0	0	0	0	0	0	0	0	0	0	0	0	0	0	2	2	0	162	0	2	330	4	0	60	2	3870	6608	6	68	202	2052	4432	8	6182	0	9310	76	2	0	0	0	0	0	0	0	2	0	0	0	2	0	2	0	2	0	2	0	2	0	6	0	0	0	2	0	6	4	2	0	0	0	0	2	0	0	0	0	0	0	
438400	HarvardOxford-combined_122	1076	84	518	64	14	44	212	576	14	4	0	6	2	12	10	8	266	260	0	0	2	7694	2	152	78	36	310	190	414	1622	10408	642	164	152	68	346	22	40	100	86	12	0	0	28	0	2	70	132	2766	956	368	18	104	66	248	5896	2646	966	4562	7710	11402	2550	2734	4532	920	16088	74	682	9310	0	12334	592	32	140	202	96	284	2594	19572	8716	818	2062	1676	614	384	1886	1756	1880	178	554	94	2680	1488	2116	490	5704	558	8922	596	5746	5200	14268	1448	1126	134	1870	3728	266	1812	3238	392	352	62	
88928	HarvardOxford-combined_123	42	0	14	0	0	0	0	6	0	0	0	0	0	0	0	0	2	0	0	0	0	0	0	2	10	0	52	28	22	2	6	2	2	2	0	16	0	0	0	2	0	0	0	0	0	0	0	4	142	118	8	20	4	4	44	844	56	4	350	182	3788	1154	796	5986	494	652	2	8	76	12334	0	4	18	2	78	10	16	6	32	468	182	170	220	96	138	1074	1850	6026	16	20	2	112	6	6	0	6276	18	18	4	148	32	24	18	16	18	12	18	4	14	4	6	2	0	
189576	HarvardOxford-combined_124	472	118	104	24	8	18	44	412	36	0	6	6	0	2	2	0	30	16	0	0	0	546	0	1112	76	8	234	42	76	84	2166	6730	180	304	192	2304	140	162	66	18	8	0	0	96	2	2	586	4580	2662	146	74	2	20	10	34	1410	100	0	80	0	0	412	22	10	58	24	0	2	2	592	4	0	46	48	506	68	118	2250	7334	8806	976	782	1586	14528	124	168	870	250	12	12	0	250	0	0	1978	6814	2650	3126	758	2152	584	1492	1852	356	326	4230	1664	104	276	214	582	186	34	
65016	HarvardOxford-combined_125	3794	12	154	2	6	4	4	78	2	0	2	0	0	0	0	0	4	4	0	0	0	10	0	16	1264	0	3862	478	506	114	34	20	192	60	14	80	4	0	0	2	2	0	0	6	0	0	2	30	4290	142	108	0	12	6	16	1142	8	0	10	12	2	10	8	8	32	10	0	0	0	32	18	46	0	8	6302	1232	374	60	30	80	4568	128	12	302	8	6	118	326	10	18	14	120	10	10	0	272	126	204	114	228	28	82	132	356	126	96	128	22	46	24	58	40	16	
87084	HarvardOxford-combined_126	230	24	5364	18	0	40	528	98	0	0	0	2	0	0	0	0	50	32	0	0	0	64	0	12	34	6102	64	146	2970	366	422	20	36	34	10	30	6	2	2	6	6	2	0	10	0	0	4	26	174	74	6060	24	6	32	1822	136	0	0	0	0	0	18	0	0	90	44	0	0	0	140	2	48	8	0	116	1186	3896	1370	876	82	98	54	12	136	14	4	10	6	10	8	2	2	0	2	0	64	298	3584	72	392	98	2472	274	64	22	500	1460	52	166	518	88	84	12	
268240	HarvardOxford-combined_127	10098	144	710	28	16	62	104	858	24	0	2	6	4	10	4	4	38	32	0	2	2	92	2	138	5582	28	21166	4352	5816	838	332	206	1378	484	100	308	60	52	20	24	16	4	2	76	2	2	30	140	7534	308	274	4	92	50	116	5476	40	0	54	14	0	168	36	20	136	54	0	0	0	202	78	506	6302	116	0	6848	8946	632	254	862	10642	1514	326	1232	130	138	836	1744	30	16	14	62	8	10	16	1664	2360	2740	1050	1538	324	1234	1830	3496	3378	1238	1174	132	652	302	682	564	524	
145204	HarvardOxford-combined_128	4560	16	4522	8	4	14	44	202	2	2	0	2	2	2	0	2	4	6	0	0	0	12	0	12	1850	406	4892	7408	5346	1444	1204	90	394	116	16	50	12	6	6	2	4	0	0	6	0	0	10	12	3184	16	3560	4	74	42	210	514	2	0	2	0	0	8	20	4	28	22	0	0	0	96	10	68	1232	1186	6848	0	12346	3930	1660	106	968	224	78	134	48	6	76	120	32	0	0	2	0	0	2	190	108	306	72	250	52	182	298	290	262	194	194	16	192	54	132	72	186	
249576	HarvardOxford-combined_129	4632	36	7078	6	2	18	850	250	4	2	0	2	2	0	2	2	80	10	0	0	0	34	0	64	1050	2962	5156	5612	20418	4154	3028	250	374	154	26	120	18	16	12	2	8	0	2	12	0	2	10	18	8202	36	6072	4	154	108	1090	776	4	0	6	4	2	14	26	2	166	76	0	0	0	284	16	118	374	3896	8946	12346	0	11524	4888	188	1344	464	218	256	100	12	160	262	44	4	0	6	0	0	0	312	210	796	202	426	98	448	874	478	620	268	378	28	308	124	216	88	244	
278904	HarvardOxford-combined_130	1056	40	1938	70	6	66	948	380	10	0	4	2	0	2	0	0	480	280	0	0	2	1572	0	320	78	694	434	1486	3456	10962	10792	1294	116	268	40	592	42	36	24	16	24	2	0	30	0	0	74	172	3254	34	2934	2	62	24	976	1848	40	0	10	6	2	106	4	0	506	188	0	0	0	2594	6	2250	60	1370	632	3930	11524	0	21952	902	352	4984	5808	5020	310	68	68	76	26	10	0	66	2	0	126	246	930	8736	2428	344	122	1882	8564	1444	106	1150	1830	242	318	366	538	216	50	
376892	HarvardOxford-combined_131	896	86	1064	56	6	60	1040	596	26	0	6	8	0	12	10	0	1412	1214	0	0	2	5674	0	868	70	472	274	630	1540	5358	19162	4070	192	352	102	858	72	58	70	38	16	2	0	74	0	0	338	1008	1824	184	1392	0	72	32	508	2024	284	4	126	38	6	278	66	12	2748	4648	6	0	0	19572	32	7334	30	876	254	1660	4888	21952	0	6062	406	5312	6400	6114	276	152	130	118	28	32	6	468	34	40	2076	660	1974	9920	1828	1164	872	7200	6168	1098	140	4818	3574	270	610	858	632	312	52	
217036	HarvardOxford-combined_132	662	76	134	22	6	14	68	408	28	0	4	10	2	6	8	4	40	30	0	0	0	3474	2	320	160	4	486	198	210	154	1848	6690	162	246	112	452	92	102	54	30	2	0	0	60	0	0	198	1750	3334	678	134	4	56	18	48	3670	1810	26	950	284	46	802	132	200	110	86	2	2	2	8716	468	8806	80	82	862	106	188	902	6062	0	1658	1268	1566	5404	254	1304	2250	992	118	44	4	2458	84	64	990	12714	1288	3188	478	4206	1450	2996	1080	672	452	1472	1604	94	388	332	386	232	34	
274864	HarvardOxford-combined_133	2972	90	536	70	4	44	64	370	20	0	6	4	2	10	2	0	32	24	0	0	0	72	0	70	1668	18	4994	924	1020	236	150	216	468	222	80	1096	62	60	20	18	12	0	0	70	0	0	22	148	13932	11276	1862	84	974	142	542	16712	156	4	94	160	80	122	808	126	492	368	16	0	0	818	182	976	4568	98	10642	968	1344	352	406	1658	0	3700	308	4050	92	124	1110	3512	1510	838	182	3342	328	182	44	5454	942	2404	722	8490	340	1238	2292	6398	1174	510	968	72	254	220	428	232	114	
309792	HarvardOxford-combined_134	1616	382	504	62	16	52	174	798	72	0	10	0	0	4	2	16	98	58	0	0	0	256	6	242	194	22	718	132	172	192	762	622	608	594	226	848	152	236	354	282	12	0	0	450	0	0	40	274	1236	96	228	2	44	24	150	16378	108	0	28	12	12	420	230	596	200	110	0	0	0	2062	170	782	128	54	1514	224	464	4984	5312	1268	3700	0	12660	2528	4794	5012	3166	1476	6	12	0	154	8	0	134	1100	3000	12776	3060	516	956	11638	18488	11614	698	1836	3462	280	608	654	2084	344	38	
165356	HarvardOxford-combined_135	314	62	130	2	2	4	32	198	30	0	6	2	0	2	0	4	18	18	0	0	0	124	0	200	82	10	166	48	68	108	772	808	114	262	174	1388	74	290	520	80	2	0	0	80	0	0	54	244	562	46	126	0	4	2	24	2240	126	0	34	10	16	818	298	760	70	78	0	0	0	1676	220	1586	12	12	326	78	218	5808	6400	1566	308	12660	0	7062	2338	7496	4310	546	4	4	0	184	4	0	208	1254	434	2488	246	466	234	3520	6586	688	136	470	636	34	112	140	414	84	4	
331284	HarvardOxford-combined_136	782	132	314	44	4	44	152	682	92	0	18	4	0	6	6	56	102	56	0	0	2	276	18	902	218	18	534	92	142	112	1096	3484	216	646	394	12222	228	542	4046	2098	10	4	2	160	2	2	392	2168	9160	466	236	2	38	24	90	3396	80	0	412	6	10	1644	162	370	140	100	0	2	2	614	96	14528	302	136	1232	134	256	5020	6114	5404	4050	2528	7062	0	626	7316	13040	7540	24	18	2	882	4	2	1062	5334	1874	5802	1530	5496	880	5204	4006	812	654	2644	2370	174	366	428	906	256	54	
67292	HarvardOxford-combined_137	398	120	60	24	2	10	22	238	22	0	6	0	0	2	2	2	8	4	0	2	0	12	0	64	26	2	80	24	32	46	90	86	172	114	62	124	46	44	20	12	4	2	2	110	0	0	12	76	388	8	70	2	14	10	10	3416	44	0	34	18	20	846	76	180	70	106	0	0	0	384	138	124	8	14	130	48	100	310	276	254	92	4794	2338	626	0	2350	732	130	0	0	0	46	0	0	16	318	1242	2766	992	256	76	384	4396	164	278	712	774	50	162	54	536	72	8	
141432	HarvardOxford-combined_138	214	52	56	4	0	4	30	100	10	0	2	0	0	0	4	54	22	8	0	0	0	34	6	90	32	2	70	14	6	6	82	144	76	140	62	1820	12	90	1564	780	2	2	0	68	0	0	20	76	300	62	28	0	10	8	48	1800	204	10	66	48	82	1566	1478	2692	324	568	0	0	2	1886	1074	168	6	4	138	6	12	68	152	1304	124	5012	7496	7316	2350	0	16662	1532	12	4	0	258	2	4	16	2238	352	1138	286	200	110	1740	2256	98	114	398	582	32	82	80	298	44	8	
185768	HarvardOxford-combined_139	234	12	132	4	0	6	42	56	2	0	0	0	0	2	8	154	54	60	0	0	0	106	22	30	124	4	430	116	148	50	136	344	34	186	62	4396	8	134	2976	2724	2	2	0	8	0	0	16	44	732	134	50	0	22	12	68	1410	264	4	148	50	132	1296	1724	4838	156	216	2	0	0	1756	1850	870	118	10	836	76	160	68	130	2250	1110	3166	4310	13040	732	16662	0	10990	20	10	6	394	6	8	46	4456	170	264	68	320	138	3470	256	98	262	110	162	16	68	144	72	46	14	
150240	HarvardOxford-combined_140	456	20	220	4	2	8	36	108	2	0	0	2	0	0	4	14	48	74	0	0	0	100	2	22	250	6	1006	264	292	96	84	84	58	60	32	1530	14	44	202	240	0	2	2	12	0	2	0	60	2826	670	96	2	20	10	60	2124	144	0	596	90	284	608	684	3196	152	244	2	0	2	1880	6026	250	326	6	1744	120	262	76	118	992	3512	1476	546	7540	130	1532	10990	0	12	42	10	648	22	8	10	10196	458	634	150	1798	292	3966	248	324	496	148	354	18	118	196	80	58	36	
50700	HarvardOxford-combined_141	464	4	1644	252	6	16	16	10	0	0	0	4	0	2	4	0	12	18	0	2	0	8	0	2	8	8	26	118	106	14	8	0	8	2	0	6	0	0	0	0	6	0	2	0	0	2	0	0	1696	4266	2158	108	3204	3170	188	1046	10	2	4	46	26	12	270	24	174	128	4	0	0	178	16	12	10	10	30	32	44	26	28	118	1510	6	4	24	0	12	20	12	0	1366	20	164	32	20	0	130	34	74	42	1410	22	224	26	16	2	34	164	14	86	44	12	6	2	
86608	HarvardOxford-combined_142	78	0	262	8	0	0	2	10	0	0	0	0	0	0	0	0	4	2	0	0	0	2	0	0	4	2	22	8	2	2	0	2	2	0	0	4	0	0	0	0	0	0	0	0	0	0	0	0	452	6858	2150	56	34	1702	4254	1988	502	62	60	424	36	6	416	46	2850	568	1702	138	2	554	20	12	18	8	16	0	4	10	32	44	838	12	4	18	0	4	10	42	1366	0	2004	2070	4562	2758	0	124	4	38	10	3474	386	36	4	40	2	8	26	0	8	10	0	6	0	
34384	HarvardOxford-combined_143	74	0	12	2	0	0	0	2	0	0	0	0	0	0	0	0	0	0	0	0	0	0	0	0	4	0	14	0	0	0	0	0	0	0	0	0	0	0	0	0	0	0	0	0	0	0	0	0	404	1078	8	24	2	102	1348	324	42	102	88	834	0	2	48	4	306	118	1504	482	0	94	2	0	14	2	14	0	0	0	6	4	182	0	0	2	0	0	6	10	20	2004	0	276	1264	4532	0	16	0	10	4	1580	176	8	2	14	2	2	10	0	0	4	2	2	0	
106452	HarvardOxford-combined_144	64	4	22	2	2	0	4	10	2	0	0	0	0	0	0	0	2	4	0	0	0	8	0	8	22	2	34	6	12	6	12	50	6	14	12	356	4	4	0	0	0	0	0	4	0	0	6	44	1240	7190	144	16	44	78	372	11288	6384	64	1028	110	10	402	252	32	218	384	18	0	2	2680	112	250	120	2	62	2	6	66	468	2458	3342	154	184	882	46	258	394	648	164	2070	276	0	2058	260	6	3242	18	98	24	2380	66	58	116	54	18	36	78	0	20	4	40	4	0	
42128	HarvardOxford-combined_145	44	0	6	0	0	0	0	4	0	0	0	0	0	0	0	0	0	0	0	0	0	0	0	0	2	0	10	4	2	0	0	0	2	0	0	0	0	0	0	0	0	0	0	0	0	0	0	0	188	3034	14	12	4	96	560	732	934	16	16	88	6	6	162	14	226	298	112	8	0	1488	6	0	10	0	8	0	0	2	34	84	328	8	4	4	0	2	6	22	32	4562	1264	2058	0	2738	0	54	0	16	2	1584	94	12	2	24	6	0	6	0	2	0	0	2	0	
