data	data	400184	286764	1.43032e+06	1.65578e+06	552632	343496	242952	210708	297464	174080	358680	133004	143732	121408	547572	687556	414360	476548	612428	630980	129872	575668	477588	615380	422808	452096	259964	100052	235848	195988	28648	23496	457596	260824	280140	343244	729828	629888	927840	1.08272e+06	649356	704168	297616	552280	668896	837752	461624	755984	949672	742812	602016	492660	631500	143404	207456	60240	735748	754612	427868	430264	695136	522552	309900	207768	112828	134512	163644	185940	1.21669e+06	1.05651e+06	291580	189520	1.0694e+06	1.20842e+06	1.30029e+06	1.06694e+06	324472	493520	65844	42716	273544	299636	488068	573036	727728	374304	397376	546376	567744	288692	577532	553372	299568	424108	397792	316096	816144	415196	872812	880088	231864	49756	394460	410528	242160	255576	149820	272220	381284	248100	511984	383200	437600	241476	187436	344520	147928	69060	378268	135752	658076	505548	948456	646288	548940	481112	381284	437100	27112	38880	486272	430956	229364	212152	232988	243780	126816	129680	279192	272324	845436	614464	345680	234956	313116	101788	244180	326116	169984	219924	307188	319312	367512	320032	65428	72680	128300	109792	199892	241568	200668	299088	19776	42620	152300	34544	
data	data	AAL3v1_1mm_1	AAL3v1_1mm_2	AAL3v1_1mm_3	AAL3v1_1mm_4	AAL3v1_1mm_5	AAL3v1_1mm_6	AAL3v1_1mm_7	AAL3v1_1mm_8	AAL3v1_1mm_9	AAL3v1_1mm_10	AAL3v1_1mm_11	AAL3v1_1mm_12	AAL3v1_1mm_13	AAL3v1_1mm_14	AAL3v1_1mm_15	AAL3v1_1mm_16	AAL3v1_1mm_17	AAL3v1_1mm_18	AAL3v1_1mm_19	AAL3v1_1mm_20	AAL3v1_1mm_21	AAL3v1_1mm_22	AAL3v1_1mm_23	AAL3v1_1mm_24	AAL3v1_1mm_25	AAL3v1_1mm_26	AAL3v1_1mm_27	AAL3v1_1mm_28	AAL3v1_1mm_29	AAL3v1_1mm_30	AAL3v1_1mm_31	AAL3v1_1mm_32	AAL3v1_1mm_33	AAL3v1_1mm_34	AAL3v1_1mm_37	AAL3v1_1mm_38	AAL3v1_1mm_39	AAL3v1_1mm_40	AAL3v1_1mm_41	AAL3v1_1mm_42	AAL3v1_1mm_43	AAL3v1_1mm_44	AAL3v1_1mm_45	AAL3v1_1mm_46	AAL3v1_1mm_47	AAL3v1_1mm_48	AAL3v1_1mm_49	AAL3v1_1mm_50	AAL3v1_1mm_51	AAL3v1_1mm_52	AAL3v1_1mm_53	AAL3v1_1mm_54	AAL3v1_1mm_55	AAL3v1_1mm_56	AAL3v1_1mm_57	AAL3v1_1mm_58	AAL3v1_1mm_59	AAL3v1_1mm_60	AAL3v1_1mm_61	AAL3v1_1mm_62	AAL3v1_1mm_63	AAL3v1_1mm_64	AAL3v1_1mm_65	AAL3v1_1mm_66	AAL3v1_1mm_67	AAL3v1_1mm_68	AAL3v1_1mm_69	AAL3v1_1mm_70	AAL3v1_1mm_71	AAL3v1_1mm_72	AAL3v1_1mm_73	AAL3v1_1mm_74	AAL3v1_1mm_75	AAL3v1_1mm_76	AAL3v1_1mm_77	AAL3v1_1mm_78	AAL3v1_1mm_79	AAL3v1_1mm_80	AAL3v1_1mm_83	AAL3v1_1mm_84	AAL3v1_1mm_85	AAL3v1_1mm_86	AAL3v1_1mm_87	AAL3v1_1mm_88	AAL3v1_1mm_89	AAL3v1_1mm_90	AAL3v1_1mm_91	AAL3v1_1mm_92	AAL3v1_1mm_93	AAL3v1_1mm_94	AAL3v1_1mm_95	AAL3v1_1mm_96	AAL3v1_1mm_97	AAL3v1_1mm_98	AAL3v1_1mm_99	AAL3v1_1mm_100	AAL3v1_1mm_101	AAL3v1_1mm_102	AAL3v1_1mm_103	AAL3v1_1mm_104	AAL3v1_1mm_105	AAL3v1_1mm_106	AAL3v1_1mm_107	AAL3v1_1mm_108	AAL3v1_1mm_109	AAL3v1_1mm_110	AAL3v1_1mm_111	AAL3v1_1mm_112	AAL3v1_1mm_113	AAL3v1_1mm_114	AAL3v1_1mm_115	AAL3v1_1mm_116	AAL3v1_1mm_117	AAL3v1_1mm_118	AAL3v1_1mm_119	AAL3v1_1mm_120	AAL3v1_1mm_121	AAL3v1_1mm_122	AAL3v1_1mm_123	AAL3v1_1mm_124	AAL3v1_1mm_125	AAL3v1_1mm_126	AAL3v1_1mm_127	AAL3v1_1mm_128	AAL3v1_1mm_129	AAL3v1_1mm_130	AAL3v1_1mm_131	AAL3v1_1mm_132	AAL3v1_1mm_133	AAL3v1_1mm_134	AAL3v1_1mm_135	AAL3v1_1mm_136	AAL3v1_1mm_137	AAL3v1_1mm_138	AAL3v1_1mm_139	AAL3v1_1mm_140	AAL3v1_1mm_141	AAL3v1_1mm_142	AAL3v1_1mm_143	AAL3v1_1mm_144	AAL3v1_1mm_145	AAL3v1_1mm_146	AAL3v1_1mm_147	AAL3v1_1mm_148	AAL3v1_1mm_149	AAL3v1_1mm_150	AAL3v1_1mm_151	AAL3v1_1mm_152	AAL3v1_1mm_153	AAL3v1_1mm_154	AAL3v1_1mm_155	AAL3v1_1mm_156	AAL3v1_1mm_157	AAL3v1_1mm_158	AAL3v1_1mm_159	AAL3v1_1mm_160	AAL3v1_1mm_161	AAL3v1_1mm_162	AAL3v1_1mm_163	AAL3v1_1mm_164	AAL3v1_1mm_165	AAL3v1_1mm_166	AAL3v1_1mm_167	AAL3v1_1mm_168	AAL3v1_1mm_169	AAL3v1_1mm_170	
400184	AAL3v1_1mm_1	0	120	15578	1174	15254	32	16074	8	3752	8	776	0	8500	0	11244	1400	72	128	404	186	6	58	92	84	82	44	20	0	306	30	4	0	2790	6	68	182	22	16	1042	198	130	118	34	112	52	26	38	14	68	54	60	8	160	0	148	0	90	48	26230	42	734	24	8478	4	5738	0	2478	2	102	58	5814	44	580	252	10402	364	3896	212	528	0	4172	0	1426	80	18088	0	116	76	8260	10	464	214	294	204	288	132	348	64	424	270	114	0	200	126	190	68	68	44	206	48	82	48	220	74	66	194	6	2	70	14	146	58	6248	372	512	86	420	182	8	6	298	128	146	34	10	74	12	6	14	44	110	114	70	44	38	32	18	36	16	26	76	112	42	58	76	36	1860	80	3444	472	434	224	24	32	110	32	
286764	AAL3v1_1mm_2	120	0	102	11694	12	14822	20	9862	40	3128	12	152	6	932	198	2862	54	52	26	390	2	66	60	184	40	182	18	42	28	82	0	22	20	242	146	40	30	28	188	342	120	262	58	156	28	66	26	40	96	106	30	28	30	0	2	8	70	98	102	18340	120	3114	4	7510	0	1308	0	2606	148	266	322	5456	282	2074	176	9460	142	4678	2	2	2	52	60	120	26	920	38	126	38	826	328	434	208	290	208	1168	346	108	330	782	104	0	332	546	156	264	62	62	1966	536	150	78	432	446	1026	1518	16	6	134	8	150	154	320	3932	148	4074	70	2470	8	70	104	414	46	86	72	122	36	432	68	72	242	396	116	194	88	42	0	10	2	4	18	6	22	44	62	378	84	1160	202	6348	50	2670	12	230	274	46	
1.43032e+06	AAL3v1_1mm_3	15578	102	0	38060	71468	1446	19624	132	23680	80	17766	18	3914	20	57734	11940	1518	1512	54760	16316	4140	3858	5236	1226	7412	606	14926	40	1754	94	2466	4	15094	42	9224	3880	3612	1026	4188	2228	1714	1078	906	670	4442	684	3328	342	10974	666	5172	152	6638	0	2062	2	2200	594	1858	182	2386	220	912	8	168	0	14	16	6204	2190	690	154	15562	4128	53052	2478	7216	1204	1460	0	1330	34	3108	504	2412	106	1554	686	1892	42	548	296	350	248	960	454	784	184	584	444	146	0	518	314	710	356	148	76	970	396	340	76	286	198	284	782	3372	68	2376	330	10224	1634	12854	2688	734	856	3368	1070	362	90	6346	1454	2264	884	930	408	80	114	1178	504	5344	1784	1290	662	898	218	3532	6118	2596	7366	15168	15064	4204	464	320	152	4358	300	5912	714	2012	760	86	138	812	128	
1.65578e+06	AAL3v1_1mm_4	1174	11694	38060	0	7886	43104	3336	20794	4966	17236	1342	3600	258	2236	14610	71058	4552	5382	29762	60822	4328	23144	6680	4522	5512	5948	2812	3726	398	1744	2	514	4238	4188	4120	10452	1476	2860	2514	8214	1542	4412	776	6280	1302	4160	732	2780	1400	3938	1220	2426	1094	40	238	26	974	2406	640	3234	1554	2578	154	880	32	690	4	462	2630	4068	982	592	6970	37134	11222	41294	2844	14000	276	82	186	900	1036	4524	956	1864	730	2432	958	952	1398	478	608	370	1404	1542	2372	614	1776	1140	272	0	648	544	964	722	200	156	1990	938	996	404	592	400	662	1596	834	1100	2686	2180	6074	10692	5250	10932	816	2180	1604	5360	246	338	2120	6158	1206	3842	742	1476	238	472	904	2024	4502	6944	1526	1584	1058	1056	6796	11862	2970	10596	11488	20048	1266	3652	390	1368	1256	3522	1574	11886	1118	5224	140	656	966	314	
552632	AAL3v1_1mm_5	15254	12	71468	7886	0	80	8532	8	20578	38	14034	6	604	4	1802	984	296	428	10728	4640	90	540	486	158	1804	130	7110	18	1626	18	3196	0	7776	4	552	864	654	294	1094	746	438	362	220	146	2974	258	2122	138	8000	176	3486	46	5156	0	1746	2	1382	276	954	30	1228	62	584	0	132	0	122	2	1100	656	48	24	2272	922	22344	508	1308	440	910	0	1042	14	1402	136	2090	48	730	196	1420	12	22	20	12	6	158	80	138	28	66	52	16	0	110	50	170	78	30	14	294	76	48	8	18	38	72	220	912	8	358	40	2238	500	848	220	150	102	744	144	136	46	1686	226	454	152	292	96	22	18	354	98	1244	246	192	94	130	30	222	612	280	2376	1104	4632	230	78	26	42	62	68	82	40	118	248	8	22	248	8	
343496	AAL3v1_1mm_6	32	14822	1446	43104	80	0	886	6802	1842	16544	116	4118	20	238	234	1990	78	150	968	2824	60	786	66	314	62	654	38	3444	54	1372	0	1006	524	1426	48	88	172	116	588	1918	294	928	140	1430	320	1432	96	1146	260	998	122	1002	104	14	12	8	146	646	18	2622	158	864	22	882	2	284	0	426	368	316	74	60	1632	7578	1580	9236	298	2340	22	66	8	342	146	942	138	728	140	328	166	452	60	22	42	18	136	142	118	74	62	70	18	0	58	48	126	104	26	12	284	156	130	6	32	40	80	226	70	74	1032	198	1716	1922	1500	770	190	366	354	660	66	66	398	1142	244	808	136	374	40	46	178	524	1346	1222	440	290	408	132	38	42	18	26	352	200	88	416	32	72	114	64	110	124	196	444	8	44	160	32	
242952	AAL3v1_1mm_7	16074	20	19624	3336	8532	886	0	210	22120	14	762	2	8186	6	11858	2898	10	8	2440	314	2	4	24	8	26	8	12	2	136	2	0	0	5160	8	16	180	8	6	12	38	12	18	10	26	22	6	20	2	26	14	42	2	74	0	28	0	10	4	2222	16	324	18	812	6	1062	0	4	0	64	20	8	10	54	498	1418	126	70	22	414	0	1894	0	2298	20	2050	2	44	18	540	0	28	4	18	12	12	34	24	6	28	20	2	2	14	20	20	36	4	0	74	16	2	0	10	6	30	58	2	0	16	6	32	410	54	332	14	54	10	140	2	2	14	84	2	88	0	28	0	0	6	18	30	106	18	46	8	20	4	2	4	14	894	648	10	12	4	62	30	42	36	68	12	236	2	40	32	0	
210708	AAL3v1_1mm_8	8	9862	132	20794	8	6802	210	0	244	16850	24	700	2	6588	92	9410	56	58	20	4012	10	66	52	86	48	94	34	20	20	108	2	28	100	4360	6	2	34	8	130	138	70	116	68	232	90	214	18	158	100	88	26	128	26	0	6	2	30	52	6	730	58	1012	0	1926	0	3218	0	116	130	44	12	6	534	278	324	2028	100	338	4	26	0	1796	48	910	40	906	54	140	44	90	20	22	12	20	32	18	26	6	18	20	4	4	28	16	24	40	8	20	64	30	12	6	10	10	14	42	6	30	1090	62	1236	78	1288	86	46	48	96	22	10	0	146	56	130	18	40	48	4	14	30	32	1188	126	482	24	130	60	20	18	8	0	14	12	102	188	14	14	32	12	36	22	48	32	6	6	48	10	
297464	AAL3v1_1mm_9	3752	40	23680	4966	20578	1842	22120	244	0	50	9440	18	348	10	5476	2624	74	118	7814	1658	20	140	74	102	60	92	28	14	186	34	52	0	9414	38	70	432	40	22	128	300	86	104	44	228	168	92	306	44	248	70	590	40	590	4	144	0	128	38	264	60	368	76	122	24	18	0	2	6	260	88	18	28	1104	1792	3748	870	164	238	224	2	292	4	1570	172	782	24	72	194	518	22	46	24	22	18	86	90	70	18	58	42	12	2	76	66	108	152	24	10	266	76	20	8	18	46	106	256	110	24	874	96	1120	1392	1030	974	72	210	88	474	24	46	202	314	104	326	14	124	6	20	40	134	978	456	296	160	414	92	48	106	50	220	834	1512	112	248	12	142	36	132	34	160	34	702	10	86	160	12	
174080	AAL3v1_1mm_10	8	3128	80	17236	38	16544	14	16850	50	0	8	5574	0	272	22	3142	16	26	84	4418	2	28	18	72	10	86	4	16	8	232	0	54	34	3728	0	6	36	26	40	172	22	44	20	148	72	358	12	372	32	166	20	332	8	0	4	0	16	60	2	740	22	424	2	278	0	620	0	48	56	22	4	8	142	1422	152	3844	48	662	0	14	2	602	20	502	14	712	14	32	20	320	8	8	4	8	24	30	10	6	6	8	0	0	12	12	12	24	2	6	54	20	4	2	0	2	12	42	4	2	202	20	268	156	240	60	22	30	34	30	2	8	46	46	24	14	18	36	2	8	26	32	230	58	90	16	32	14	6	12	4	4	4	20	22	30	2	26	16	52	24	40	30	106	0	14	24	2	
358680	AAL3v1_1mm_11	776	12	17766	1342	14034	116	762	24	9440	8	0	8	1052	10	2432	606	228	142	616	392	64	108	1250	190	4732	120	10410	10	7970	10	2586	2	18030	6	30	38	374	148	1210	904	420	420	310	136	3284	304	1976	144	9686	200	2748	28	5296	0	2574	2	1524	326	786	18	488	34	230	4	72	0	2	0	488	592	16	16	1494	602	23236	246	610	104	532	0	2440	28	7528	144	2474	74	1622	220	1108	10	12	20	8	8	50	48	96	22	56	30	6	0	44	26	40	28	16	8	106	36	38	6	14	18	26	76	184	8	222	14	378	114	344	334	64	114	92	104	30	6	292	120	62	62	62	58	20	12	80	60	370	234	88	74	78	44	34	44	30	68	130	362	1122	94	6	30	10	16	28	18	22	114	4	22	66	4	
133004	AAL3v1_1mm_12	0	152	18	3600	6	4118	2	700	18	5574	8	0	0	340	10	460	20	210	6	500	0	252	20	1368	12	1524	4	2086	6	5420	0	2488	8	6986	2	4	12	8	42	302	20	228	8	460	206	1616	6	1590	24	700	4	1448	14	6	6	22	10	444	0	748	8	512	6	194	0	214	0	58	22	32	2	4	88	2116	40	8300	10	1164	0	44	2	1516	10	4918	10	1064	8	228	10	424	12	4	12	8	12	26	18	4	12	10	2	0	8	14	0	16	4	6	32	12	2	2	4	2	4	20	2	0	154	12	164	62	170	28	10	18	16	18	2	6	22	36	8	6	10	22	4	4	22	22	166	44	56	4	36	14	6	10	2	4	10	12	26	96	2	4	4	12	4	18	8	30	0	2	14	4	
143732	AAL3v1_1mm_13	8500	6	3914	258	604	20	8186	2	348	0	1052	0	0	0	2588	96	22	30	144	70	2	18	54	14	56	2	24	0	504	2	8	0	8546	0	2	6	2	0	20	6	16	4	40	16	34	2	44	0	94	4	92	0	254	0	84	0	46	0	7316	4	650	2	1966	0	3486	0	2	0	124	0	4	4	36	66	3868	16	430	18	3760	0	7830	0	3296	10	1732	0	130	12	526	0	12	4	10	8	2	4	14	0	12	2	6	0	6	6	4	0	2	0	12	6	2	0	8	0	2	6	8	0	6	2	18	20	28	40	16	16	10	12	4	4	22	18	2	4	0	6	0	0	4	2	20	26	10	4	12	10	4	8	6	6	62	92	20	8	0	2	18	0	20	10	6	16	2	2	8	0	
121408	AAL3v1_1mm_14	0	932	20	2236	4	238	6	6588	10	272	10	340	0	0	10	1554	8	24	0	180	0	16	14	102	8	124	12	50	0	284	2	42	4	7224	2	0	10	2	34	48	12	46	12	78	14	86	0	88	18	20	2	68	2	0	0	0	4	10	0	5734	12	2252	0	2346	0	7970	0	98	24	34	4	0	102	170	64	4260	24	106	2	2232	0	9382	10	2048	14	936	8	52	16	94	2	6	2	4	4	4	8	2	0	8	2	0	12	4	6	16	0	4	20	6	4	0	4	2	8	12	2	8	262	18	282	20	306	18	10	6	22	2	0	0	34	10	28	4	10	12	0	4	14	4	282	28	132	6	18	10	4	2	2	0	4	0	24	50	4	2	6	2	6	4	14	4	2	0	14	4	
547572	AAL3v1_1mm_15	11244	198	57734	14610	1802	234	11858	92	5476	22	2432	10	2588	10	0	20486	166	156	3288	2144	28	120	172	152	132	90	52	6	492	30	4	4	5576	28	6910	4704	582	454	382	428	236	210	112	218	322	120	170	92	554	180	206	60	188	0	66	0	172	114	184	186	318	146	28	2	4	0	0	6	1974	908	8622	286	3252	2370	13104	752	1406	394	36	0	222	2	1372	106	378	6	238	154	260	16	646	372	448	334	932	630	552	138	616	564	158	4	422	364	438	478	126	62	1004	312	190	88	382	190	448	934	32	12	1098	38	2370	186	14956	3868	900	906	2372	1814	32	10	1428	1208	1294	346	132	160	32	110	242	226	1670	896	1060	416	526	180	116	82	196	128	5668	3446	152	112	262	234	5074	436	7038	1198	2846	1942	84	334	256	182	
687556	AAL3v1_1mm_16	1400	2862	11940	71058	984	1990	2898	9410	2624	3142	606	460	96	1554	20486	0	210	188	3148	10092	28	146	194	196	156	136	64	34	176	154	0	68	1632	1654	7022	15380	602	1508	590	550	446	414	150	296	248	148	124	144	498	476	126	114	110	2	22	0	268	266	388	2600	672	416	20	290	8	280	0	120	2912	2494	7966	11300	3076	7632	3632	9282	970	3624	32	6	26	254	398	424	254	658	172	270	250	260	1326	480	608	358	1140	1788	1890	334	1604	1196	280	2	772	880	568	676	174	104	3194	1166	542	392	708	948	1572	2604	50	50	466	58	1360	1094	2726	8334	1260	5738	936	5944	58	38	768	1882	582	862	162	234	108	380	246	242	1048	1826	656	1016	542	192	130	100	196	106	7334	6114	166	138	240	996	1006	3090	1244	10906	904	5638	94	612	354	270	
414360	AAL3v1_1mm_17	72	54	1518	4552	296	78	10	56	74	16	228	20	22	8	166	210	0	13450	4128	4182	5002	11236	15764	7512	8266	1120	526	28	4146	146	16	12	2036	64	1756	1228	438	406	2988	1432	4020	848	3770	686	944	438	846	234	2318	326	1064	68	1616	0	698	0	1560	284	100	36	204	62	76	4	2	2	0	10	640	742	56	20	7320	1796	3498	764	346	262	44	0	166	8	4088	462	2584	40	4218	470	1128	26	80	26	50	24	182	72	220	60	82	64	44	2	174	72	150	44	40	22	264	134	124	14	24	84	130	224	128	34	626	50	624	194	846	202	154	88	208	104	20	24	328	232	114	76	738	200	96	56	314	142	1206	268	274	48	280	42	12774	9316	6394	2786	3234	1640	15372	2352	88	34	38	32	134	148	110	84	12	16	300	38	
476548	AAL3v1_1mm_18	128	52	1512	5382	428	150	8	58	118	26	142	210	30	24	156	188	13450	0	4634	7254	2852	20520	12620	21608	6426	5050	426	134	1236	2744	4	16	934	1386	1022	2092	318	726	1028	4542	1094	6566	1374	4550	412	678	446	370	996	874	618	206	992	2	458	2	854	638	126	92	238	138	34	8	2	6	2	14	592	1152	78	32	7708	4434	2072	2020	338	654	40	0	128	24	1550	4568	880	46	1518	1902	412	42	90	46	54	48	232	162	186	78	98	88	42	2	210	100	178	60	48	28	308	168	134	18	44	100	130	280	82	166	662	312	638	540	830	482	172	196	156	176	38	16	318	372	120	84	260	582	100	66	238	406	984	956	308	190	288	216	5998	14828	4052	5558	1626	2954	6252	11160	50	156	42	80	94	258	130	126	6	22	324	58	
612428	AAL3v1_1mm_19	404	26	54760	29762	10728	968	2440	20	7814	84	616	6	144	0	3288	3148	4128	4634	0	24648	5716	8004	3530	2488	2440	272	1484	22	248	38	4	0	1906	16	9112	5870	2738	1630	754	570	520	418	300	270	788	118	736	74	1130	310	742	42	770	0	208	0	450	122	576	94	780	82	140	8	20	2	2	2	3858	1846	78	50	3452	1436	8072	1414	1388	634	342	0	108	6	378	150	474	22	350	228	434	14	70	50	52	48	238	130	176	52	88	84	26	0	144	88	290	86	58	24	310	130	128	12	52	62	96	232	646	54	314	112	2562	904	974	588	164	110	666	240	164	42	1388	554	622	422	268	142	30	20	332	150	1152	600	226	152	176	38	6208	9578	7262	9040	13506	11934	1552	650	138	58	316	106	278	118	316	264	30	34	364	26	
630980	AAL3v1_1mm_20	186	390	16316	60822	4640	2824	314	4012	1658	4418	392	500	70	180	2144	10092	4182	7254	24648	0	2398	11610	5014	2960	3552	304	1030	32	272	162	0	32	1662	1104	1776	6740	736	1868	698	854	474	542	478	506	432	262	400	232	816	484	704	200	842	8	270	2	546	208	268	1028	688	728	82	180	10	166	4	68	1176	1882	76	80	4318	5590	6084	8306	1412	2276	192	14	122	340	488	486	472	506	378	370	382	226	220	100	126	84	434	276	404	102	308	208	68	0	232	140	422	164	82	32	556	232	184	80	112	120	180	434	536	82	1124	216	2890	2168	1956	974	174	254	676	540	140	170	1064	984	586	784	308	236	38	42	252	264	1920	932	582	292	312	108	4812	11070	3444	11294	4850	13046	1616	1234	178	248	266	702	350	842	414	818	46	122	544	40	
129872	AAL3v1_1mm_21	6	2	4140	4328	90	60	2	10	20	2	64	0	2	0	28	28	5002	2852	5716	2398	0	5486	4874	2844	2206	472	1920	8	164	36	0	0	84	8	134	196	26	44	174	132	126	132	214	72	86	16	86	14	142	34	90	6	124	0	54	0	118	14	12	6	30	12	4	0	0	0	0	0	72	70	16	4	1250	298	310	96	76	48	0	0	4	2	178	62	188	2	252	56	108	0	14	10	10	10	12	22	24	10	14	12	6	0	16	10	14	10	6	6	22	22	20	0	6	6	10	16	28	10	94	24	76	86	144	84	16	22	14	24	2	2	48	66	16	54	22	22	4	16	22	26	144	102	42	16	30	4	5492	3970	2504	754	230	328	1594	372	4	8	2	2	2	12	14	10	0	2	26	0	
575668	AAL3v1_1mm_22	58	66	3858	23144	540	786	4	66	140	28	108	252	18	16	120	146	11236	20520	8004	11610	5486	0	14344	20490	8620	9750	2232	1588	642	1248	6	22	728	448	486	1010	392	474	788	4852	734	4202	898	3844	456	1298	340	672	776	1230	580	514	896	4	366	14	718	954	90	212	268	286	30	18	0	8	2	30	532	866	60	74	5496	14976	1594	8454	390	2530	30	0	98	28	814	2818	534	70	854	1736	342	78	80	36	40	42	196	164	256	112	88	76	32	0	126	62	144	48	44	28	258	248	222	14	44	58	84	198	66	742	734	882	738	3048	916	1392	236	548	130	1246	32	34	266	1592	100	640	194	636	88	46	264	730	1134	2724	344	354	366	630	8508	14898	3768	3740	848	1506	4182	9750	36	88	32	54	66	154	98	136	6	10	236	26	
477588	AAL3v1_1mm_23	92	60	5236	6680	486	66	24	52	74	18	1250	20	54	14	172	194	15764	12620	3530	5014	4874	14344	0	10208	25094	2448	5430	22	5492	368	16	6	2542	104	828	714	426	388	3266	1828	4194	1652	2298	1012	1332	460	1064	282	3788	380	974	90	1624	2	756	0	2142	308	138	36	226	76	64	4	4	2	2	14	640	764	76	36	9988	1634	6854	688	744	314	48	0	512	10	4900	630	3414	28	5048	582	972	16	94	36	44	24	152	98	296	70	96	88	40	0	114	56	112	60	42	26	218	118	140	20	34	62	88	184	442	54	920	80	1048	262	1322	278	128	146	240	136	30	26	678	258	188	92	714	272	100	80	342	214	1578	394	372	100	306	68	6794	7130	3460	1604	1366	1220	10270	2044	92	58	40	44	146	174	104	118	10	20	220	60	
615380	AAL3v1_1mm_24	84	184	1226	4522	158	314	8	86	102	72	190	1368	14	102	152	196	7512	21608	2488	2960	2844	20490	10208	0	4478	30358	750	1080	894	6692	12	70	468	2324	320	260	766	550	3454	11388	2422	11844	1128	8728	1310	5706	442	2258	1220	4786	514	1694	570	50	220	110	982	3148	84	258	340	554	38	150	4	60	0	136	932	1422	78	72	6432	12734	2142	21260	394	2560	20	18	72	220	1320	10304	1014	206	1600	3490	752	108	116	48	58	58	278	276	344	148	138	110	42	2	188	134	142	102	46	48	342	240	248	26	46	110	142	288	166	380	912	478	966	1542	1172	1022	402	458	238	508	30	42	562	902	174	424	716	1130	216	106	550	990	1780	2058	458	626	428	286	2818	4712	1804	602	520	256	3488	12008	52	168	48	94	78	298	90	196	8	26	262	62	
422808	AAL3v1_1mm_25	82	40	7412	5512	1804	62	26	48	60	10	4732	12	56	8	132	156	8266	6426	2440	3552	2206	8620	25094	4478	0	1098	11932	14	8030	70	38	6	3378	42	462	474	394	308	3364	1120	4378	598	2080	500	1652	390	1174	236	5342	262	1236	72	2088	0	952	0	2276	246	116	34	210	62	78	4	6	0	0	8	640	588	70	34	10666	1426	10632	538	1100	246	42	0	700	14	5474	318	2934	46	4490	390	784	12	84	44	48	28	108	90	292	72	94	84	34	0	80	30	66	50	34	24	142	88	142	10	34	36	58	126	674	22	1132	42	1276	210	1584	244	138	148	234	112	14	18	868	216	214	78	700	154	96	68	386	134	1822	274	424	76	332	30	3054	4220	1082	1054	662	834	8292	760	62	30	36	30	124	94	60	102	8	22	112	40	
452096	AAL3v1_1mm_26	44	182	606	5948	130	654	8	94	92	86	120	1524	2	124	90	136	1120	5050	272	304	472	9750	2448	30358	1098	0	372	5204	116	7726	8	110	54	2352	108	130	798	468	3038	9854	1904	8594	558	7044	1348	6844	288	2992	826	5214	368	2422	282	64	72	166	670	3250	52	550	330	910	24	256	2	64	0	176	848	1130	54	50	1554	12724	1110	25352	318	3192	10	28	12	292	398	8138	516	288	638	2468	646	182	86	40	44	36	184	230	272	130	92	82	26	0	98	86	70	76	18	38	196	168	192	16	34	60	76	146	132	336	778	374	810	1446	962	948	382	424	164	474	6	30	456	846	118	438	616	946	182	88	526	890	1598	1832	394	630	390	218	558	456	334	190	158	120	778	6476	28	78	30	54	48	168	40	156	6	14	132	26	
259964	AAL3v1_1mm_27	20	18	14926	2812	7110	38	12	34	28	4	10410	4	24	12	52	64	526	426	1484	1030	1920	2232	5430	750	11932	372	0	12	2316	32	1206	2	1888	16	46	102	392	176	2074	930	744	456	380	236	2094	350	980	156	6296	226	666	36	1412	0	582	2	1118	298	40	8	100	32	60	2	2	0	0	4	436	590	52	16	6058	480	11296	294	998	156	18	0	594	30	1482	216	912	74	1176	266	552	6	14	20	6	8	30	46	134	26	46	38	2	0	18	2	10	28	8	4	58	48	72	10	6	6	16	42	666	16	982	36	1050	114	1392	150	72	112	120	60	2	0	766	124	174	42	130	50	22	54	238	70	1462	192	358	54	306	24	978	1074	60	166	60	98	4762	212	8	14	2	16	8	30	22	48	0	8	34	2	
100052	AAL3v1_1mm_28	0	42	40	3726	18	3444	2	20	14	16	10	2086	0	50	6	34	28	134	22	32	8	1588	22	1080	14	5204	12	0	4	2338	0	834	4	1046	10	8	152	86	312	1504	178	900	56	1680	246	1624	40	1150	80	1074	50	1024	38	6	4	16	80	546	0	280	50	290	4	56	0	20	0	44	128	148	4	0	148	3312	126	5992	48	1242	2	18	0	76	44	1470	40	130	62	382	66	98	12	2	10	8	14	44	36	4	10	4	2	0	4	8	6	8	0	2	18	6	20	0	10	4	4	10	24	16	130	20	140	108	152	126	28	64	32	30	0	4	64	64	12	70	78	168	14	6	80	166	250	246	60	116	60	8	14	22	12	12	12	4	30	226	2	4	2	8	6	28	8	24	0	0	8	0	
235848	AAL3v1_1mm_29	306	28	1754	398	1626	54	136	20	186	8	7970	6	504	0	492	176	4146	1236	248	272	164	642	5492	894	8030	116	2316	4	0	18	416	4	10308	20	178	116	194	104	2090	312	4498	206	3480	218	1098	74	768	60	3232	78	1660	40	3544	0	1928	0	966	74	436	24	338	28	96	2	54	0	0	4	484	124	12	10	1776	550	7282	244	214	112	280	0	1668	2	11980	100	2534	8	4112	142	614	4	72	38	40	26	98	44	182	60	80	64	26	0	64	30	50	24	18	18	90	52	86	8	30	26	38	100	66	6	368	8	396	154	478	170	98	66	186	78	12	18	212	182	42	60	876	82	84	20	220	70	710	156	160	34	104	26	626	468	382	152	256	108	2306	386	64	32	38	26	118	84	42	60	8	22	60	38	
195988	AAL3v1_1mm_30	30	82	94	1744	18	1372	2	108	34	232	10	5420	2	284	30	154	146	2744	38	162	36	1248	368	6692	70	7726	32	2338	18	0	2	546	10	9006	28	34	86	82	210	1242	104	4140	38	4068	252	2182	48	1872	156	1022	68	1742	70	40	20	114	62	656	32	482	50	472	4	124	0	166	0	66	108	270	36	16	364	1690	188	8758	134	1046	4	54	2	914	24	12766	40	778	50	1368	52	286	60	54	50	54	48	84	90	50	50	70	16	0	42	58	26	34	10	28	88	58	64	2	40	32	40	86	16	106	460	148	446	270	510	206	134	116	32	162	0	30	254	436	18	36	40	212	16	54	152	122	690	358	220	70	188	110	58	82	42	22	32	16	86	954	12	36	8	30	12	100	16	112	2	6	34	10	
28648	AAL3v1_1mm_31	4	0	2466	2	3196	0	0	2	52	0	2586	0	8	2	4	0	16	4	4	0	0	6	16	12	38	8	1206	0	416	2	0	0	404	0	0	0	30	14	78	58	34	30	18	6	310	24	144	14	696	24	132	2	354	0	174	0	114	26	10	0	10	2	8	0	0	0	0	0	26	56	0	0	12	8	910	4	10	0	8	0	48	0	220	10	58	2	42	14	24	0	0	0	0	0	2	0	6	0	10	0	0	0	0	0	0	0	0	0	0	0	0	2	0	0	0	0	0	6	2	4	6	2	2	2	2	0	2	2	0	0	6	4	0	2	4	0	0	0	6	2	10	6	0	2	0	2	2	0	0	0	0	0	8	2	0	0	0	0	0	0	0	0	0	0	0	0	
23496	AAL3v1_1mm_32	0	22	4	514	0	1006	0	28	0	54	2	2488	0	42	4	68	12	16	0	32	0	22	6	70	6	110	2	834	4	546	0	0	2	538	2	0	0	0	12	122	10	74	2	118	46	432	0	424	2	222	2	388	6	2	0	4	0	142	0	108	0	70	4	22	0	40	0	8	0	6	0	2	22	482	12	1370	2	382	0	14	0	72	2	184	0	92	0	2	0	42	2	2	4	2	0	14	2	0	2	4	2	0	2	2	0	4	2	2	2	0	0	0	0	0	0	2	0	0	38	4	42	2	44	4	0	6	8	0	0	0	2	2	2	0	4	12	0	2	6	14	40	16	14	0	10	4	2	0	0	0	2	0	12	12	0	0	0	2	0	4	2	2	0	0	4	0	
457596	AAL3v1_1mm_33	2790	20	15094	4238	7776	524	5160	100	9414	34	18030	8	8546	4	5576	1632	2036	934	1906	1662	84	728	2542	468	3378	54	1888	4	10308	10	404	2	0	14	178	240	126	80	616	310	1068	112	1298	146	1782	82	1900	56	4936	80	3782	34	6518	0	2734	0	1988	74	4270	48	2166	50	448	4	788	0	10	2	1114	158	24	24	1520	1396	29060	322	836	182	3932	0	9756	4	15366	72	4782	14	3852	116	2232	2	60	30	38	36	80	84	112	16	92	34	14	2	68	54	46	54	26	8	184	76	38	8	44	36	52	142	84	4	170	22	290	424	320	768	114	264	100	230	20	34	192	256	44	174	168	130	20	12	92	126	364	512	104	176	120	98	346	610	224	522	512	1250	1308	212	18	94	56	52	84	78	32	324	12	50	82	8	
260824	AAL3v1_1mm_34	6	242	42	4188	4	1426	8	4360	38	3728	6	6986	0	7224	28	1654	64	1386	16	1104	8	448	104	2324	42	2352	16	1046	20	9006	0	538	14	0	6	12	36	24	80	336	22	898	28	1460	172	3640	32	3868	62	838	30	3558	26	150	12	232	36	452	4	2436	22	1680	0	604	0	2394	0	274	64	222	14	4	246	1258	94	19818	54	506	0	2474	0	11480	20	12034	32	4298	30	1304	30	1004	34	10	34	22	18	12	44	6	30	14	8	0	20	26	10	12	4	8	24	10	12	4	24	12	10	22	4	14	314	28	322	72	358	56	34	30	22	34	2	6	72	90	24	6	22	36	6	8	46	32	364	84	124	10	70	32	20	46	10	10	22	20	58	466	4	6	4	18	8	52	22	28	0	0	24	4	
280140	AAL3v1_1mm_37	68	146	9224	4120	552	48	16	6	70	0	30	2	2	2	6910	7022	1756	1022	9112	1776	134	486	828	320	462	108	46	10	178	28	0	2	178	6	0	11784	9188	2382	716	318	618	272	260	116	1732	154	1100	50	1256	206	144	16	186	0	56	0	300	76	28	266	630	84	2	0	0	0	0	0	14576	4282	2672	1338	1382	452	376	168	44	92	14	0	8	2	274	78	100	0	262	98	110	2	18	18	10	14	40	50	78	20	20	54	6	0	34	26	22	32	10	8	128	34	46	8	20	22	64	92	98	16	44	6	174	64	226	202	110	172	84	136	0	12	218	114	106	28	206	50	24	18	84	36	334	184	72	88	72	6	2620	770	3918	1212	18816	3700	1412	346	14	18	18	50	18	108	30	162	2	22	32	4	
343244	AAL3v1_1mm_38	182	40	3880	10452	864	88	180	2	432	6	38	4	6	0	4704	15380	1228	2092	5870	6740	196	1010	714	260	474	130	102	8	116	34	0	0	240	12	11784	0	4864	8960	300	1232	230	942	154	282	626	190	554	46	544	1086	246	18	280	0	68	0	190	184	176	3042	2132	432	10	6	0	0	0	2	10334	14596	3138	4102	2130	798	944	258	118	136	44	0	22	2	210	200	132	10	176	296	124	2	36	16	24	22	136	126	64	32	26	52	8	0	80	44	40	28	10	6	208	62	114	4	20	48	68	182	38	76	396	48	324	174	638	258	974	488	148	328	10	6	268	272	126	76	88	132	24	18	106	134	796	584	516	206	452	64	1150	2766	1102	6154	4886	12550	690	732	20	16	44	32	58	62	86	122	4	6	76	6	
729828	AAL3v1_1mm_39	22	30	3612	1476	654	172	8	34	40	36	374	12	2	10	582	602	438	318	2738	736	26	392	426	766	394	798	392	152	194	86	30	0	126	36	9188	4864	0	37930	16432	11910	6998	2052	1352	996	19104	14270	13720	19024	11928	1734	16940	8578	2344	38	202	6	1352	1384	20	80	11484	8746	116	16	0	0	0	994	46568	35042	50	142	1054	1188	2192	1436	334	854	8	0	84	64	1068	762	660	246	1472	1058	972	78	84	124	44	100	266	306	790	156	100	194	16	0	64	96	66	70	26	54	104	230	316	26	68	42	26	100	298	50	376	122	690	410	776	310	1250	812	196	292	4	18	1046	620	364	90	1732	924	514	658	1604	952	2270	1118	450	138	380	164	122	208	342	296	4792	982	446	246	26	38	18	26	54	76	24	182	2	20	56	14	
629888	AAL3v1_1mm_40	16	28	1026	2860	294	116	6	8	22	26	148	8	0	2	454	1508	406	726	1630	1868	44	474	388	550	308	468	176	86	104	82	14	0	80	24	2382	8960	37930	0	10252	13964	1498	5090	620	914	13488	14504	11066	20220	4542	4908	14060	8432	2152	22	188	6	590	1118	16	32	9530	8344	18	12	0	0	0	878	31688	43740	126	42	504	778	1312	802	194	432	8	0	22	28	370	584	484	118	752	904	580	66	58	96	26	74	162	262	474	170	78	168	12	0	50	72	40	58	12	48	68	174	390	30	48	28	18	64	70	116	186	114	232	296	338	268	826	318	56	186	2	4	370	516	110	108	652	952	336	384	890	620	954	948	172	152	180	68	218	756	224	1238	1212	3958	330	340	14	54	10	24	22	56	10	92	0	8	40	14	
927840	AAL3v1_1mm_41	1042	188	4188	2514	1094	588	12	130	128	40	1210	42	20	34	382	590	2988	1028	754	698	174	788	3266	3454	3364	3038	2074	312	2090	210	78	12	616	80	716	300	16432	10252	0	24478	31916	7234	11944	2180	13018	14884	4766	8966	16100	3846	5876	936	1750	4	358	4	11266	3688	1074	160	2238	426	302	4	4	0	0	112	20046	17304	942	196	12694	4150	8628	4912	2186	1208	16	0	120	90	8280	1882	10044	386	13216	2876	13526	134	446	282	162	186	926	440	2016	474	504	570	76	2	250	174	230	220	100	136	514	384	746	76	130	160	166	374	2364	110	7662	250	6838	1596	10228	1454	1516	592	2488	720	40	176	4080	1108	1600	616	11192	620	2100	174	5106	622	17002	1722	4284	526	1572	154	184	194	148	84	620	156	4708	920	262	148	248	164	626	604	244	484	40	52	344	138	
1.08272e+06	AAL3v1_1mm_42	198	342	2228	8214	746	1918	38	138	300	172	904	302	6	48	428	550	1432	4542	570	854	132	4852	1828	11388	1120	9854	930	1504	312	1242	58	122	310	336	318	1232	11910	13964	24478	0	7900	39610	1678	19230	10766	20848	3116	12146	7268	16496	3922	2818	1220	588	264	82	2140	18230	212	400	1108	1582	92	20	2	10	2	238	13278	26656	280	194	3912	16160	5820	16526	1180	5322	46	0	32	876	1034	11692	2266	1822	1888	19998	2774	1184	432	368	202	248	894	2018	1300	946	464	654	114	2	406	422	312	320	136	166	626	758	1240	124	262	318	224	480	494	1842	2200	5270	2744	6518	3138	7558	1796	2946	710	1040	66	50	1812	2374	580	1868	2100	9394	1090	1244	2238	8364	5398	16478	1344	4296	1346	2318	276	828	224	340	216	438	1558	6590	256	684	220	308	274	702	210	626	36	94	456	222	
649356	AAL3v1_1mm_43	130	120	1714	1542	438	294	12	70	86	22	420	20	16	12	236	446	4020	1094	520	474	126	734	4194	2422	4378	1904	744	178	4498	104	34	10	1068	22	618	230	6998	1498	31916	7900	0	4276	12616	1116	6688	2910	4918	1758	17774	1832	4428	316	2312	2	668	2	19576	2364	150	122	2510	218	216	2	0	0	18	44	11706	3784	114	116	6086	2308	4544	2798	1126	562	20	0	250	32	12382	976	4208	216	9252	1428	9414	130	4324	824	1386	472	1040	502	7322	1786	4930	1672	674	12	648	338	442	204	620	332	388	342	2134	406	654	206	142	368	1362	56	3094	112	3340	962	4264	752	1110	356	1516	468	44	142	2116	866	760	390	6040	386	1430	134	1794	402	7312	908	2040	266	520	64	388	278	284	120	548	140	3786	514	554	114	358	162	970	504	372	252	62	30	242	276	
704168	AAL3v1_1mm_44	118	262	1078	4412	362	928	18	116	104	44	420	228	4	46	210	414	848	6566	418	542	132	4202	1652	11844	598	8594	456	900	206	4140	30	74	112	898	272	942	2052	5090	7234	39610	4276	0	1054	18182	1124	9352	700	7174	2574	16128	462	4372	342	1596	104	306	1264	24010	126	266	310	1322	24	16	2	6	0	116	2670	13988	154	148	1352	7602	2372	9712	596	3372	10	2	18	326	634	16424	810	1826	910	16566	1062	2618	370	524	168	346	580	3128	1180	2190	508	994	110	4	330	374	198	288	110	210	428	706	1420	276	302	282	186	450	196	1054	880	2836	1032	3106	1222	3198	620	1080	206	680	24	96	888	1700	192	676	978	3126	394	940	624	2110	2278	6848	548	1438	446	980	222	876	204	270	170	322	724	5566	210	458	118	214	154	712	136	488	22	62	258	284	
297616	AAL3v1_1mm_45	34	58	906	776	220	140	10	68	44	20	310	8	40	12	112	150	3770	1374	300	478	214	898	2298	1128	2080	558	380	56	3480	38	18	2	1298	28	260	154	1352	620	11944	1678	12616	1054	0	682	1068	470	708	438	2452	296	956	236	1254	6	342	4	1578	324	68	62	588	214	178	2	6	0	0	54	2010	818	56	58	3856	1284	2990	1004	1502	546	22	0	74	4	13314	388	1484	44	10820	578	1564	20	136	104	56	60	336	132	544	162	164	196	30	0	130	70	152	88	46	34	264	176	272	28	58	68	92	224	736	34	2088	62	2230	718	2808	548	474	172	1280	380	54	114	1752	954	430	284	5796	248	420	40	1378	240	5648	642	1336	178	428	30	472	620	344	200	278	128	4088	616	96	78	72	80	150	166	386	158	24	32	234	56	
552280	AAL3v1_1mm_46	112	156	670	6280	146	1430	26	232	228	148	136	460	16	78	218	296	686	4550	270	506	72	3844	1012	8728	500	7044	236	1680	218	4068	6	118	146	1460	116	282	996	914	2180	19230	1116	18182	682	0	850	2262	478	1260	1110	2966	744	964	588	26	114	26	576	6432	102	286	588	584	76	18	0	10	2	80	1214	2030	220	156	2432	10530	1946	12374	1272	8372	12	0	10	56	488	20682	506	112	806	22724	614	328	284	326	166	200	406	1184	714	564	260	576	74	0	304	302	164	242	64	108	558	538	840	76	218	238	214	502	286	1190	2098	2420	2054	4602	2570	3130	978	1620	304	2130	22	126	2798	4672	246	650	622	3942	192	1080	1624	3244	4494	6994	1198	1604	1374	1320	208	546	146	224	132	180	794	5882	164	412	80	234	96	530	96	762	30	80	248	90	
668896	AAL3v1_1mm_47	52	28	4442	1302	2974	320	22	90	168	72	3284	206	34	14	322	248	944	412	788	432	86	456	1332	1310	1652	1348	2094	246	1098	252	310	46	1782	172	1732	626	19104	13488	13018	10766	6688	1124	1068	850	0	19052	19104	11222	30252	6380	13822	2184	6740	22	3500	24	4022	3018	64	82	1892	292	36	4	0	0	2	54	28426	15520	54	134	2962	2084	8962	3072	644	1174	22	4	1820	640	2408	1228	2632	1142	1884	1570	1654	196	132	128	66	114	328	306	1250	290	518	252	28	0	104	138	102	112	44	100	236	272	612	46	86	80	72	164	692	40	684	78	1966	692	2578	690	1422	430	398	456	18	64	2652	778	1682	288	1372	856	638	278	1112	648	4102	920	1198	240	460	86	176	152	174	90	1070	162	1320	564	24	42	30	76	90	156	38	228	2	24	112	18	
837752	AAL3v1_1mm_48	26	66	684	4160	258	1432	6	214	92	358	304	1616	2	86	120	148	438	678	118	262	16	1298	460	5706	390	6844	350	1624	74	2182	24	432	82	3640	154	190	14270	14504	14884	20848	2910	9352	470	2262	19052	0	5932	45560	5356	38198	5554	17230	842	1884	238	2238	754	15426	28	106	320	750	32	14	0	16	0	44	16118	30096	38	38	1200	5796	2264	17898	422	6642	10	12	10	5082	238	6688	1002	7168	522	5824	1154	3916	150	238	92	178	320	1064	656	924	200	588	28	4	196	330	86	154	34	102	208	386	752	138	146	188	116	202	158	124	914	168	944	1052	1156	980	566	1032	164	530	4	16	506	1060	194	506	666	2244	450	688	706	1632	1652	2152	474	484	282	222	54	114	38	46	80	72	570	2010	54	42	38	72	60	206	44	250	6	22	104	42	
461624	AAL3v1_1mm_49	38	26	3328	732	2122	96	20	18	306	12	1976	6	44	0	170	124	846	446	736	400	86	340	1064	442	1174	288	980	40	768	48	144	0	1900	32	1100	554	13720	11066	4766	3116	4918	700	708	478	19104	5932	0	8708	11326	1384	27362	4350	5138	12	668	4	4466	538	104	40	3780	2222	124	2	4	0	28	322	18746	9660	28	30	1268	708	6460	584	448	274	72	0	3070	26	2860	284	3760	92	1060	388	2290	100	232	132	88	92	508	186	1092	214	380	220	40	2	102	108	128	40	54	60	102	234	362	86	128	64	42	78	118	16	518	34	454	376	650	250	1896	338	162	220	22	18	660	564	120	104	802	466	1150	322	1656	436	2088	562	444	132	218	48	180	228	236	210	610	294	1124	192	16	30	20	10	52	62	52	72	4	6	86	6	
755984	AAL3v1_1mm_50	14	40	342	2780	138	1146	2	158	44	372	144	1590	0	88	92	144	234	370	74	232	14	672	282	2258	236	2992	156	1150	60	1872	14	424	56	3868	50	46	19024	20220	8966	12146	1758	7174	438	1260	11222	45560	8708	0	3440	13506	9326	41224	838	4086	136	1944	422	11266	26	114	2618	8438	38	52	0	28	0	2412	16814	31012	26	34	598	3354	1422	9430	276	5066	2	22	12	5104	246	5422	660	5150	544	3724	714	4832	130	252	78	150	300	898	620	1000	230	744	42	4	194	296	74	118	40	84	188	352	586	240	152	182	100	204	90	86	360	162	422	648	534	606	618	1356	116	426	4	24	340	786	114	258	440	1698	350	740	628	1492	952	1834	216	312	174	264	36	58	22	16	52	30	302	502	30	56	26	38	36	98	36	226	6	18	60	28	
949672	AAL3v1_1mm_51	68	96	10974	1400	8000	260	26	100	248	32	9686	24	94	18	554	498	2318	996	1130	816	142	776	3788	1220	5342	826	6296	80	3232	156	696	2	4936	62	1256	544	11928	4542	16100	7268	17774	2574	2452	1110	30252	5356	11326	3440	0	5478	7290	522	15680	8	9236	18	26696	5678	168	188	2444	264	86	4	6	0	6	30	20488	7002	144	264	6860	2572	23148	1472	1624	862	64	0	2980	88	4514	1036	5524	246	3562	1386	4990	328	1152	890	254	352	638	600	15134	5876	13122	9466	1114	32	994	830	644	456	788	1784	424	396	8618	4826	414	210	172	312	2112	54	912	128	4414	1110	5310	1358	2418	768	820	894	38	108	6438	1246	3848	482	3474	558	1150	236	2196	570	8104	1204	2328	450	916	102	342	432	238	200	1036	290	3038	442	72	76	64	188	182	366	84	408	8	52	260	44	
742812	AAL3v1_1mm_52	54	106	666	3938	176	998	14	88	70	166	200	700	4	20	180	476	326	874	310	484	34	1230	380	4786	262	5214	226	1074	78	1022	24	222	80	838	206	1086	1734	4908	3846	16496	1832	16128	296	2966	6380	38198	1384	13506	5478	0	492	4308	296	1652	60	3020	4162	29828	76	182	492	1096	12	4	0	2	2	64	2888	14174	98	108	1000	5488	1306	12368	350	3798	6	8	18	2584	188	5100	674	5394	356	6220	1068	2382	1126	2722	312	1216	780	3682	8638	8934	8558	15674	1176	38	1332	1626	534	928	612	3628	412	1576	10408	8908	678	500	280	444	92	476	680	478	712	1848	990	1656	568	1568	192	842	22	28	438	1840	174	1104	402	4012	328	1670	534	3244	1246	3736	390	754	356	154	78	204	86	184	146	464	398	1850	86	142	72	208	146	420	64	206	6	18	212	72	
602016	AAL3v1_1mm_53	60	30	5172	1220	3486	122	42	26	590	20	2748	4	92	2	206	126	1064	618	742	704	90	580	974	514	1236	368	666	50	1660	68	132	2	3782	30	144	246	16940	14060	5876	3922	4428	462	956	744	13822	5554	27362	9326	7290	492	0	4408	23300	24	5714	6	7008	268	174	64	13360	4204	1992	10	6	0	62	394	20014	11990	36	46	1568	996	11526	840	1202	666	92	0	5188	16	4892	370	6140	74	1638	540	3896	72	292	164	108	106	562	202	1008	196	636	248	60	2	140	122	170	54	78	48	174	348	350	90	150	76	60	150	130	18	618	76	528	520	742	374	2554	728	182	292	28	22	786	814	128	146	738	638	1286	548	2238	760	2630	964	510	198	336	122	186	382	168	366	210	428	1456	326	24	42	22	24	40	70	84	118	2	18	134	14	
492660	AAL3v1_1mm_54	8	28	152	2426	46	1002	2	128	40	332	28	1448	0	68	60	114	68	206	42	200	6	514	90	1694	72	2422	36	1024	40	1742	2	388	34	3558	16	18	8578	8432	936	2818	316	4372	236	964	2184	17230	4350	41224	522	4308	4408	0	252	13688	42	4252	128	13884	18	102	1290	9388	62	228	0	26	0	7826	5996	11954	16	24	350	2714	646	8128	186	4010	2	34	10	4708	140	4786	266	5216	390	3078	266	5398	98	196	58	118	154	622	444	814	190	752	42	4	156	248	52	94	32	74	144	262	390	278	124	154	78	150	66	52	262	120	300	448	352	378	394	994	106	268	2	20	250	518	66	148	308	1200	130	570	606	1116	738	1278	140	176	78	186	14	32	6	10	26	16	98	272	14	42	14	28	22	58	24	156	6	10	40	8	
631500	AAL3v1_1mm_55	160	30	6638	1094	5156	104	74	26	590	8	5296	14	254	2	188	110	1616	992	770	842	124	896	1624	570	2088	282	1412	38	3544	70	354	6	6518	26	186	280	2344	2152	1750	1220	2312	342	1254	588	6740	842	5138	838	15680	296	23300	252	0	4	20360	2	16094	206	390	74	18532	818	21316	2	54	0	11880	54	3808	2726	24	34	1804	840	16176	614	1606	828	1580	0	9342	6	6470	308	30986	20	2746	478	13850	38	422	154	114	94	674	184	942	174	906	264	50	2	120	106	200	38	62	56	150	218	262	104	154	82	50	154	114	32	346	68	380	362	720	316	1988	442	126	218	40	20	472	544	72	134	448	256	1130	162	1308	378	1510	648	262	204	606	126	262	666	224	402	246	414	2132	360	54	20	46	28	74	60	154	124	10	16	162	28	
143404	AAL3v1_1mm_56	0	0	0	40	0	14	0	0	4	0	0	6	0	0	0	2	0	2	0	8	0	4	2	50	0	64	0	6	0	40	0	2	0	150	0	0	38	22	4	588	2	1596	6	26	22	1884	12	4086	8	1652	24	13688	4	0	2	5734	8	8076	0	32	18	3460	0	1680	0	2	0	8292	22	1244	0	0	10	40	14	156	6	22	0	0	0	220	0	264	4	9570	6	702	6	7350	4	6	2	0	6	44	8	188	14	170	4	0	4	0	2	0	2	6	2	6	20	76	4	2	2	2	0	4	4	4	8	2	6	4	0	6	2	2	0	0	4	2	0	0	0	8	0	4	6	4	8	10	2	4	2	2	2	4	0	2	0	0	4	10	4	0	2	0	2	0	4	0	0	0	0	0	
207456	AAL3v1_1mm_57	148	2	2062	238	1746	12	28	6	144	4	2574	6	84	0	66	22	698	458	208	270	54	366	756	220	952	72	582	4	1928	20	174	0	2734	12	56	68	202	188	358	264	668	104	342	114	3500	238	668	136	9236	60	5714	42	20360	2	0	2	10676	44	590	6	652	8	1072	0	8	0	780	2	264	190	2	2	680	164	5542	110	292	148	38	0	1972	2	2132	82	6682	8	742	90	7932	10	70	24	6	16	30	20	102	20	444	36	12	0	12	18	14	4	12	14	16	20	32	22	20	4	6	12	20	8	50	6	62	30	80	40	48	24	10	8	0	2	56	36	10	4	70	26	46	14	58	18	134	60	14	24	38	2	128	314	96	128	80	86	832	98	8	4	4	6	8	16	4	8	2	6	16	6	
60240	AAL3v1_1mm_58	0	8	2	26	2	8	0	2	0	0	2	22	0	0	0	0	0	2	0	2	0	14	0	110	0	166	2	16	0	114	0	4	0	232	0	0	6	6	4	82	2	306	4	26	24	2238	4	1944	18	3020	6	4252	2	5734	2	0	20	6386	0	36	0	170	0	26	0	0	0	128	6	42	0	0	2	36	6	328	4	36	0	0	0	304	4	362	2	644	6	270	6	2314	6	34	2	8	4	10	18	42	30	186	8	0	8	2	2	2	2	14	0	2	10	76	6	0	0	0	0	0	4	2	8	6	6	4	2	2	2	0	0	2	2	2	0	2	0	6	2	0	0	4	4	8	2	0	0	2	0	0	0	0	0	0	0	14	2	0	2	0	2	0	4	0	0	0	0	0	
735748	AAL3v1_1mm_59	90	70	2200	974	1382	146	10	30	128	16	1524	10	46	4	172	268	1560	854	450	546	118	718	2142	982	2276	670	1118	80	966	62	114	0	1988	36	300	190	1352	590	11266	2140	19576	1264	1578	576	4022	754	4466	422	26696	4162	7008	128	16094	8	10676	20	0	5796	494	112	1400	176	750	2	10	0	404	10	2302	988	120	88	3948	1086	5266	1168	686	392	30	0	1614	20	2606	346	9736	44	5360	542	25404	924	11992	3080	1048	988	766	906	19052	5136	35370	13414	5008	50	4162	1200	1794	604	2494	1706	316	360	7418	13878	4856	442	266	344	474	26	1980	60	1648	412	2568	436	430	288	408	210	48	44	706	346	250	170	718	220	234	104	714	190	3552	448	1074	146	546	42	312	506	198	216	344	170	2282	332	78	56	86	156	212	342	94	148	14	10	264	50	
