data	data	143172	240524	222484	299056	327780	248564	243864	281500	150944	157476	65032	61500	218584	166316	195340	155536	95536	56760	184680	289172	78752	88336	62188	95632	74856	47876	281688	391100	45712	39028	42888	65628	117436	105704	43424	77184	123916	73968	143992	154840	67252	103368	196556	107244	286672	426500	264588	388568	381884	335676	130052	92888	143468	58864	74964	99684	199804	93628	98292	178300	83940	100472	181536	90396	87244	102008	44720	70112	411556	527480	52656	97076	133812	159808	49324	156516	176888	294220	142328	150232	127532	130124	211188	214216	78148	78732	109544	196396	99500	62220	108948	55724	227856	161004	47780	78924	92884	60696	111308	55148	95920	80128	314556	262560	332928	304364	172296	146736	164872	205244	118068	32716	63168	69200	89220	95384	266624	243736	102392	68264	35708	91680	26344	51512	278496	236840	254356	175280	32016	75428	232444	142296	94220	176520	151260	110348	163332	134396	97884	121244	124636	155096	152924	76976	50780	114632	154536	149496	164332	165300	285880	269760	146100	137800	76364	59264	53960	58288	56120	78172	244192	155768	50780	63452	127916	179820	67048	42232	204936	304448	33460	42928	46508	63092	126140	97672	177764	159292	106104	38576	310944	215100	99224	34956	91644	84972	185976	76372	121136	223572	356348	161008	155336	259108	321192	299236	319428	220360	105696	81908	59084	66912	194404	212960	173516	107468	264024	351712	72916	112732	146164	106516	265396	267232	568732	398240	635444	746608	375308	378876	353124	409504	763524	873864	642044	361352	718380	346028	571248	588212	475948	422524	337976	385904	258936	225256	610680	395756	659332	519488	772076	514460	638840	305892	418492	421564	
data	data	BN_Atlas_246_1mm_1	BN_Atlas_246_1mm_2	BN_Atlas_246_1mm_3	BN_Atlas_246_1mm_4	BN_Atlas_246_1mm_5	BN_Atlas_246_1mm_6	BN_Atlas_246_1mm_7	BN_Atlas_246_1mm_8	BN_Atlas_246_1mm_9	BN_Atlas_246_1mm_10	BN_Atlas_246_1mm_11	BN_Atlas_246_1mm_12	BN_Atlas_246_1mm_13	BN_Atlas_246_1mm_14	BN_Atlas_246_1mm_15	BN_Atlas_246_1mm_16	BN_Atlas_246_1mm_17	BN_Atlas_246_1mm_18	BN_Atlas_246_1mm_19	BN_Atlas_246_1mm_20	BN_Atlas_246_1mm_21	BN_Atlas_246_1mm_22	BN_Atlas_246_1mm_23	BN_Atlas_246_1mm_24	BN_Atlas_246_1mm_25	BN_Atlas_246_1mm_26	BN_Atlas_246_1mm_27	BN_Atlas_246_1mm_28	BN_Atlas_246_1mm_29	BN_Atlas_246_1mm_30	BN_Atlas_246_1mm_31	BN_Atlas_246_1mm_32	BN_Atlas_246_1mm_33	BN_Atlas_246_1mm_34	BN_Atlas_246_1mm_35	BN_Atlas_246_1mm_36	BN_Atlas_246_1mm_37	BN_Atlas_246_1mm_38	BN_Atlas_246_1mm_39	BN_Atlas_246_1mm_40	BN_Atlas_246_1mm_41	BN_Atlas_246_1mm_42	BN_Atlas_246_1mm_43	BN_Atlas_246_1mm_44	BN_Atlas_246_1mm_45	BN_Atlas_246_1mm_46	BN_Atlas_246_1mm_47	BN_Atlas_246_1mm_48	BN_Atlas_246_1mm_49	BN_Atlas_246_1mm_50	BN_Atlas_246_1mm_51	BN_Atlas_246_1mm_52	BN_Atlas_246_1mm_53	BN_Atlas_246_1mm_54	BN_Atlas_246_1mm_55	BN_Atlas_246_1mm_56	BN_Atlas_246_1mm_57	BN_Atlas_246_1mm_58	BN_Atlas_246_1mm_59	BN_Atlas_246_1mm_60	BN_Atlas_246_1mm_61	BN_Atlas_246_1mm_62	BN_Atlas_246_1mm_63	BN_Atlas_246_1mm_64	BN_Atlas_246_1mm_65	BN_Atlas_246_1mm_66	BN_Atlas_246_1mm_67	BN_Atlas_246_1mm_68	BN_Atlas_246_1mm_69	BN_Atlas_246_1mm_70	BN_Atlas_246_1mm_71	BN_Atlas_246_1mm_72	BN_Atlas_246_1mm_73	BN_Atlas_246_1mm_74	BN_Atlas_246_1mm_75	BN_Atlas_246_1mm_76	BN_Atlas_246_1mm_77	BN_Atlas_246_1mm_78	BN_Atlas_246_1mm_79	BN_Atlas_246_1mm_80	BN_Atlas_246_1mm_81	BN_Atlas_246_1mm_82	BN_Atlas_246_1mm_83	BN_Atlas_246_1mm_84	BN_Atlas_246_1mm_85	BN_Atlas_246_1mm_86	BN_Atlas_246_1mm_87	BN_Atlas_246_1mm_88	BN_Atlas_246_1mm_89	BN_Atlas_246_1mm_90	BN_Atlas_246_1mm_91	BN_Atlas_246_1mm_92	BN_Atlas_246_1mm_93	BN_Atlas_246_1mm_94	BN_Atlas_246_1mm_95	BN_Atlas_246_1mm_96	BN_Atlas_246_1mm_97	BN_Atlas_246_1mm_98	BN_Atlas_246_1mm_99	BN_Atlas_246_1mm_100	BN_Atlas_246_1mm_101	BN_Atlas_246_1mm_102	BN_Atlas_246_1mm_103	BN_Atlas_246_1mm_104	BN_Atlas_246_1mm_105	BN_Atlas_246_1mm_106	BN_Atlas_246_1mm_107	BN_Atlas_246_1mm_108	BN_Atlas_246_1mm_109	BN_Atlas_246_1mm_110	BN_Atlas_246_1mm_111	BN_Atlas_246_1mm_112	BN_Atlas_246_1mm_113	BN_Atlas_246_1mm_114	BN_Atlas_246_1mm_115	BN_Atlas_246_1mm_116	BN_Atlas_246_1mm_117	BN_Atlas_246_1mm_118	BN_Atlas_246_1mm_119	BN_Atlas_246_1mm_120	BN_Atlas_246_1mm_121	BN_Atlas_246_1mm_122	BN_Atlas_246_1mm_123	BN_Atlas_246_1mm_124	BN_Atlas_246_1mm_125	BN_Atlas_246_1mm_126	BN_Atlas_246_1mm_127	BN_Atlas_246_1mm_128	BN_Atlas_246_1mm_129	BN_Atlas_246_1mm_130	BN_Atlas_246_1mm_131	BN_Atlas_246_1mm_132	BN_Atlas_246_1mm_133	BN_Atlas_246_1mm_134	BN_Atlas_246_1mm_135	BN_Atlas_246_1mm_136	BN_Atlas_246_1mm_137	BN_Atlas_246_1mm_138	BN_Atlas_246_1mm_139	BN_Atlas_246_1mm_140	BN_Atlas_246_1mm_141	BN_Atlas_246_1mm_142	BN_Atlas_246_1mm_143	BN_Atlas_246_1mm_144	BN_Atlas_246_1mm_145	BN_Atlas_246_1mm_146	BN_Atlas_246_1mm_147	BN_Atlas_246_1mm_148	BN_Atlas_246_1mm_149	BN_Atlas_246_1mm_150	BN_Atlas_246_1mm_151	BN_Atlas_246_1mm_152	BN_Atlas_246_1mm_153	BN_Atlas_246_1mm_154	BN_Atlas_246_1mm_155	BN_Atlas_246_1mm_156	BN_Atlas_246_1mm_157	BN_Atlas_246_1mm_158	BN_Atlas_246_1mm_159	BN_Atlas_246_1mm_160	BN_Atlas_246_1mm_161	BN_Atlas_246_1mm_162	BN_Atlas_246_1mm_163	BN_Atlas_246_1mm_164	BN_Atlas_246_1mm_165	BN_Atlas_246_1mm_166	BN_Atlas_246_1mm_167	BN_Atlas_246_1mm_168	BN_Atlas_246_1mm_169	BN_Atlas_246_1mm_170	BN_Atlas_246_1mm_171	BN_Atlas_246_1mm_172	BN_Atlas_246_1mm_173	BN_Atlas_246_1mm_174	BN_Atlas_246_1mm_175	BN_Atlas_246_1mm_176	BN_Atlas_246_1mm_177	BN_Atlas_246_1mm_178	BN_Atlas_246_1mm_179	BN_Atlas_246_1mm_180	BN_Atlas_246_1mm_181	BN_Atlas_246_1mm_182	BN_Atlas_246_1mm_183	BN_Atlas_246_1mm_184	BN_Atlas_246_1mm_185	BN_Atlas_246_1mm_186	BN_Atlas_246_1mm_187	BN_Atlas_246_1mm_188	BN_Atlas_246_1mm_189	BN_Atlas_246_1mm_190	BN_Atlas_246_1mm_191	BN_Atlas_246_1mm_192	BN_Atlas_246_1mm_193	BN_Atlas_246_1mm_194	BN_Atlas_246_1mm_195	BN_Atlas_246_1mm_196	BN_Atlas_246_1mm_197	BN_Atlas_246_1mm_198	BN_Atlas_246_1mm_199	BN_Atlas_246_1mm_200	BN_Atlas_246_1mm_201	BN_Atlas_246_1mm_202	BN_Atlas_246_1mm_203	BN_Atlas_246_1mm_204	BN_Atlas_246_1mm_205	BN_Atlas_246_1mm_206	BN_Atlas_246_1mm_207	BN_Atlas_246_1mm_208	BN_Atlas_246_1mm_209	BN_Atlas_246_1mm_210	BN_Atlas_246_1mm_211	BN_Atlas_246_1mm_212	BN_Atlas_246_1mm_213	BN_Atlas_246_1mm_214	BN_Atlas_246_1mm_215	BN_Atlas_246_1mm_216	BN_Atlas_246_1mm_217	BN_Atlas_246_1mm_218	BN_Atlas_246_1mm_219	BN_Atlas_246_1mm_220	BN_Atlas_246_1mm_221	BN_Atlas_246_1mm_222	BN_Atlas_246_1mm_223	BN_Atlas_246_1mm_224	BN_Atlas_246_1mm_225	BN_Atlas_246_1mm_226	BN_Atlas_246_1mm_227	BN_Atlas_246_1mm_228	BN_Atlas_246_1mm_229	BN_Atlas_246_1mm_230	BN_Atlas_246_1mm_231	BN_Atlas_246_1mm_232	BN_Atlas_246_1mm_233	BN_Atlas_246_1mm_234	BN_Atlas_246_1mm_235	BN_Atlas_246_1mm_236	BN_Atlas_246_1mm_237	BN_Atlas_246_1mm_238	BN_Atlas_246_1mm_239	BN_Atlas_246_1mm_240	BN_Atlas_246_1mm_241	BN_Atlas_246_1mm_242	BN_Atlas_246_1mm_243	BN_Atlas_246_1mm_244	BN_Atlas_246_1mm_245	BN_Atlas_246_1mm_246	
143172	BN_Atlas_246_1mm_1	0	7366	11860	2330	1732	590	7212	3756	1970	1566	1160	436	412	66	70	194	296	10	8	18	20	0	172	106	194	8	18	14	382	0	32	0	1708	12	0	2	1464	8	4852	50	16	16	132	4	30	26	52	20	68	40	236	4	8	0	2	8	12	2	4	26	158	22	206	22	30	42	104	44	70	46	2	0	100	6	0	2	196	14	6	2	4	2	8	10	0	0	0	2	32	0	6	0	8	8	2	0	2	0	8	0	22	0	20	10	8	4	8	6	18	12	16	2	4	0	10	30	22	52	26	0	0	2	0	0	126	22	28	14	0	0	44	22	4	0	10	0	0	0	0	0	0	0	6	0	2	0	368	100	242	108	72	26	1238	646	0	0	6	0	0	2	20	18	2	0	462	4	798	2	118	12	22	2	472	4	664	160	634	594	142	550	556	204	1348	220	952	110	58	44	10	10	22	20	8	12	24	6	34	12	12	0	0	0	20	2	6	0	18	22	0	4	18	20	34	34	74	86	86	76	26	14	1452	100	92	102	124	16	126	144	1564	58	182	28	854	166	32	38	32	16	134	346	132	256	66	114	892	316	
240524	BN_Atlas_246_1mm_2	7366	0	3896	19794	784	1242	1816	16592	658	1458	738	978	414	726	120	498	106	28	10	296	16	58	500	184	564	10	34	62	10	20	38	64	1354	2110	12	240	1852	1432	2700	4754	24	130	104	96	68	104	108	46	250	116	118	190	56	4	42	16	206	22	86	98	74	1202	22	230	8	660	20	198	94	174	2	58	98	650	0	144	186	94	16	6	22	112	28	24	0	4	4	28	150	2	22	12	26	50	2	36	0	4	24	54	114	18	30	42	138	154	24	66	14	66	22	20	8	8	112	188	68	212	20	10	0	50	0	12	200	128	100	46	0	0	106	56	22	78	8	2	0	14	0	10	0	64	8	6	6	112	106	88	60	656	66	100	182	988	10	8	10	32	4	88	144	202	8	30	216	212	558	380	106	276	20	46	358	688	356	424	1126	1336	258	658	442	1818	796	1466	114	1256	168	98	38	110	42	26	12	42	68	94	58	26	18	0	0	0	28	40	38	16	50	96	6	12	70	148	46	104	362	640	90	412	40	56	1964	6176	208	290	170	126	376	76	1808	1528	340	180	1054	1936	78	120	102	92	226	292	242	336	156	96	734	490	
222484	BN_Atlas_246_1mm_3	11860	3896	0	1222	14868	172	9546	1880	62	460	70	170	8	18	6390	68	2278	14	462	20	2844	0	5552	66	3894	4	82	20	2842	0	1992	0	6944	8	38	0	2104	4	11998	22	4	4	144	4	28	16	40	14	38	22	278	0	338	0	42	4	86	2	6	14	1108	8	2406	6	22	32	2	18	54	28	8	0	170	6	6	0	286	8	12	2	156	0	12	6	2	0	48	0	124	0	22	0	12	2	2	0	4	0	152	2	138	0	6	4	12	4	14	0	2	2	2	4	0	0	8	14	6	26	6	0	14	0	2	0	142	26	56	4	0	0	172	36	28	2	26	0	0	0	0	2	2	0	20	0	6	0	34	16	54	52	36	6	58	36	44	0	12	0	24	2	208	10	12	0	410	2	1316	0	146	12	36	0	878	2	46	18	160	218	14	116	80	38	30	34	10	14	20	12	8	6	18	10	8	6	6	2	34	8	6	0	0	0	14	4	12	2	48	14	0	2	10	20	8	24	24	70	22	60	22	6	1598	72	58	62	150	12	166	134	3138	44	200	22	522	102	26	18	24	8	90	340	70	286	44	166	474	252	
299056	BN_Atlas_246_1mm_4	2330	19794	1222	0	798	13246	442	14880	212	178	866	1152	352	380	102	11856	84	436	18	1624	6	1558	514	1916	580	1892	28	166	0	958	66	1468	874	9562	48	1268	1452	2816	1716	13006	10	32	56	112	42	148	46	62	124	120	58	286	38	10	36	90	184	68	78	66	82	1810	28	646	16	16	10	34	172	220	0	90	78	1394	0	198	76	160	12	16	16	256	34	44	0	20	6	88	92	4	20	12	66	66	2	38	2	6	22	80	80	14	64	28	80	148	20	56	46	12	8	12	4	0	88	62	154	54	16	4	0	84	0	12	112	148	20	50	0	6	96	28	12	118	18	0	2	10	0	44	0	130	14	8	2	176	22	24	32	38	126	28	20	20	12	64	8	46	2	210	120	118	10	30	82	218	338	522	48	380	22	60	400	794	16	14	272	182	146	178	254	28	204	50	8	6	58	30	30	124	70	28	22	50	60	92	160	16	10	0	0	0	22	72	24	18	44	120	4	8	120	78	114	106	632	288	296	190	96	150	1138	5262	156	444	116	234	1762	106	896	2238	1254	184	984	1252	88	78	380	98	886	182	1348	124	1258	106	898	268	
327780	BN_Atlas_246_1mm_5	1732	784	14868	798	0	3184	636	104	124	36	3234	1478	5796	2090	21640	520	594	4	7462	3306	2734	4	1780	36	34	6	406	2684	816	0	1998	26	5030	10	2164	36	3596	6	2726	4	96	92	148	14	118	92	452	110	346	100	952	2	138	0	98	8	434	2	48	36	192	2	136	0	20	22	14	44	200	140	152	0	300	0	8	0	218	40	38	2	110	12	58	50	2	0	34	2	334	0	44	0	126	46	14	8	14	2	94	0	272	4	180	30	124	16	76	4	106	46	46	6	22	10	24	16	132	66	40	0	14	2	0	0	810	38	328	38	0	2	770	24	226	24	282	0	32	2	0	6	2	0	226	0	328	0	134	66	80	42	536	40	820	308	116	2	204	0	124	20	1114	12	306	0	262	10	778	2	1188	58	98	0	152	4	956	432	2188	2444	1308	316	1262	264	734	86	694	462	250	326	62	24	508	100	234	26	82	24	466	18	500	0	0	0	702	16	262	6	888	38	6	8	52	38	130	80	434	124	418	252	468	72	2376	1264	736	320	6854	180	3190	466	9978	462	2450	622	678	424	72	88	742	92	796	380	1498	288	804	112	1784	374	
248564	BN_Atlas_246_1mm_6	590	1242	172	13246	3184	0	80	994	48	346	1878	2956	1180	7062	1584	9838	4	6	254	9090	18	3138	6	114	6	18	170	2098	2	6	80	3302	472	3602	144	2308	512	1456	228	622	86	128	24	96	92	140	302	108	270	136	60	332	24	44	24	98	72	88	26	58	14	44	18	114	28	16	12	24	254	246	4	112	32	466	0	168	20	192	6	66	12	396	48	60	0	48	8	148	78	6	10	40	102	70	2	64	2	22	16	202	60	22	90	46	52	44	22	6	70	38	18	2	8	0	28	22	206	80	12	8	0	94	0	8	188	628	90	120	0	34	174	36	42	520	46	6	6	46	0	98	0	170	40	22	10	166	30	24	58	24	200	78	82	54	0	152	4	36	4	600	108	404	12	70	26	224	38	284	112	392	4	36	24	270	74	44	460	1164	286	206	422	170	108	24	32	24	252	110	4	88	128	70	62	108	36	96	226	56	60	0	0	2	106	110	22	18	164	216	10	38	132	58	172	130	580	152	432	430	146	310	1248	3898	290	606	1196	2020	2780	566	1236	6030	1766	1370	342	800	96	102	622	126	1050	728	1744	468	1550	162	1020	766	
243864	BN_Atlas_246_1mm_7	7212	1816	9546	442	636	80	0	2472	13530	3870	8	10	22	26	354	22	2542	10	34	54	6	0	56	42	3892	6	34	50	408	0	0	2	30	8	12	2	948	8	3834	46	2	12	608	6	118	60	76	66	92	68	1154	2	1404	2	2480	194	306	20	1904	156	2182	20	6144	24	40	72	18	70	256	100	12	0	374	6	4	0	598	20	34	2	158	0	14	22	2	0	34	0	132	0	30	0	24	34	4	2	2	0	160	2	152	0	34	22	66	36	46	34	26	20	16	6	8	8	30	36	46	60	10	10	6	0	2	0	104	50	40	36	0	0	92	50	16	0	14	0	0	2	0	0	2	0	10	0	2	0	62	34	102	98	90	12	98	50	38	2	20	0	2	2	56	34	30	0	1948	10	2226	2	436	24	84	2	1424	4	64	20	72	62	4	8	212	50	32	50	70	86	8	16	26	48	54	26	32	40	36	16	110	18	34	0	2	0	66	22	66	2	70	40	6	8	26	40	62	70	228	178	104	162	62	60	5980	604	222	258	634	54	1764	278	7536	122	396	104	7700	1146	126	174	142	68	1112	584	1030	376	574	202	8110	790	
281500	BN_Atlas_246_1mm_8	3756	16592	1880	14880	104	994	2472	0	3450	20386	18	12	50	48	30	626	100	934	8	582	0	92	270	988	432	2818	8	78	0	984	0	96	66	956	12	340	754	968	1138	7884	10	8	56	52	32	86	20	50	140	112	68	242	48	374	40	6478	220	260	204	1022	60	3576	12	3972	22	66	242	60	78	144	2	50	80	562	0	98	134	82	10	8	16	412	12	24	0	284	2	92	90	0	14	20	12	54	0	4	0	18	16	194	76	6	32	12	72	78	18	34	8	22	18	12	12	0	128	92	74	70	38	10	0	40	0	4	140	104	22	38	0	12	78	96	16	30	4	8	0	62	0	86	0	394	4	56	6	100	48	52	84	92	22	24	84	42	12	40	10	24	2	62	138	98	8	8	130	142	520	364	82	98	20	48	390	510	84	18	248	56	84	12	56	20	608	38	314	78	56	14	30	58	24	28	12	30	58	46	32	14	12	0	0	0	12	26	34	10	24	44	6	6	98	90	40	88	384	1524	82	126	32	84	1210	11454	94	240	68	152	450	64	874	1800	168	96	1008	4494	114	312	100	84	526	296	250	132	132	44	936	796	
150944	BN_Atlas_246_1mm_9	1970	658	62	212	124	48	13530	3450	0	7496	54	22	222	124	28	8	84	2	8	44	0	0	2	16	36	16	16	66	6	0	0	2	2	4	0	0	38	0	58	26	66	24	70	6	14	54	32	82	112	86	108	2	52	6	634	468	36	10	2564	384	54	10	186	22	68	184	1840	484	116	116	2	0	12	2	0	0	50	18	0	0	0	2	16	22	2	0	0	0	2	0	2	0	32	48	0	0	0	0	2	0	4	0	42	18	38	20	14	10	22	22	10	6	6	14	8	16	48	34	8	8	0	0	0	0	106	38	28	48	0	0	60	40	12	2	16	0	0	6	0	0	0	0	8	0	2	0	138	66	372	164	140	12	492	150	2	2	0	0	0	0	54	46	2	0	178	16	84	0	22	26	2	0	46	0	266	50	602	160	306	34	318	82	1914	200	1554	590	144	62	6	24	82	24	12	28	40	14	146	16	8	0	2	0	20	18	8	2	82	38	16	16	26	36	80	68	328	120	146	162	24	98	1446	498	140	294	126	76	2850	180	1072	118	680	114	3900	2486	184	258	170	96	1798	386	1942	154	1020	96	7130	1022	
157476	BN_Atlas_246_1mm_10	1566	1458	460	178	36	346	3870	20386	7496	0	22	20	82	52	12	108	0	178	8	204	0	26	0	68	2	118	10	28	0	96	0	40	18	36	0	102	12	176	16	1160	10	8	12	18	12	40	14	34	82	50	10	64	22	170	82	1898	128	34	1516	2752	6	864	2	1218	178	282	2356	2158	46	80	0	6	0	78	0	14	10	28	0	0	0	126	6	16	0	64	0	18	4	0	0	6	10	24	0	0	0	8	0	60	4	2	20	8	32	22	8	6	16	14	16	10	14	0	40	20	38	28	24	4	0	6	0	0	90	94	20	42	0	4	78	92	8	12	4	2	0	18	0	28	0	116	4	6	0	16	68	60	256	234	26	20	318	140	0	8	0	4	0	14	90	116	0	4	14	42	4	104	4	32	0	14	2	140	372	40	802	64	112	14	132	24	712	582	864	566	50	26	12	26	8	18	2	12	32	22	28	6	6	0	0	0	4	8	18	4	18	12	2	6	38	28	28	54	120	900	54	56	26	72	382	5036	50	142	28	64	734	498	78	696	128	72	426	4318	126	510	84	62	672	264	260	58	88	20	1258	1010	
65032	BN_Atlas_246_1mm_11	1160	738	70	866	3234	1878	8	18	54	22	0	3010	3850	566	394	630	0	0	32	82	0	0	4	4	0	0	50	160	2	0	10	4	52	12	0	12	18	6	22	0	80	52	8	0	28	12	68	12	258	134	4	2	0	0	2	4	6	2	6	6	0	0	0	0	12	6	10	20	64	22	0	0	0	0	0	0	6	2	0	0	0	2	12	0	0	0	0	0	14	0	0	0	10	2	2	0	0	0	0	0	6	0	62	6	28	2	2	0	56	12	48	0	20	2	16	10	44	20	44	0	0	0	0	0	46	6	34	14	0	0	6	0	4	4	2	0	0	0	0	0	0	0	2	0	0	0	164	74	44	10	230	22	1008	404	0	2	0	0	0	12	8	6	0	0	0	4	2	2	10	0	0	0	2	2	1018	246	2034	868	1746	618	1036	214	786	88	294	238	460	108	2	4	36	74	6	2	32	4	46	2	10	0	0	0	16	0	12	0	22	10	0	0	12	6	42	2	94	24	142	30	16	12	60	374	214	86	70	18	106	14	80	180	88	34	18	24	12	2	38	6	62	14	130	20	56	10	38	12	
61500	BN_Atlas_246_1mm_12	436	978	170	1152	1478	2956	10	12	22	20	3010	0	2024	2318	572	370	0	0	106	92	8	2	10	2	0	0	222	142	2	0	10	0	160	6	24	8	104	4	88	2	62	226	14	0	60	4	240	20	260	82	12	2	4	0	0	0	2	2	0	2	8	0	10	0	2	30	2	10	38	30	0	0	4	2	0	2	12	4	4	2	2	4	6	12	0	0	0	2	30	0	4	0	6	4	4	4	0	0	6	0	20	0	36	30	88	4	8	2	28	28	34	0	16	4	6	26	26	34	12	0	0	2	0	0	58	6	50	6	0	0	36	2	8	8	18	0	2	0	0	0	0	0	12	0	0	0	70	36	14	36	118	18	464	344	0	2	2	0	2	4	16	24	2	0	14	8	4	4	90	22	0	0	8	6	540	192	902	1274	688	1300	462	494	344	252	112	134	242	570	0	2	46	36	16	2	26	10	60	12	70	0	0	0	90	0	20	0	78	8	0	0	14	22	26	10	38	54	66	82	26	28	382	158	172	202	292	8	144	20	554	118	84	34	62	24	4	6	16	20	54	22	74	96	32	14	112	24	
218584	BN_Atlas_246_1mm_13	412	414	8	352	5796	1180	22	50	222	82	3850	2024	0	5326	342	164	0	2	6318	3582	64	2	2	2	2	0	6752	7448	2	0	28	10	16	0	406	10	46	0	2	0	4018	448	122	6	140	76	522	636	958	466	576	0	4	0	0	8	22	0	18	18	14	0	6	2	28	16	20	28	196	116	10	2	10	2	0	2	72	16	6	2	0	2	64	30	0	0	0	2	30	0	2	0	116	22	6	0	0	0	2	0	22	0	160	50	84	8	14	0	122	52	70	2	24	6	28	40	152	82	54	4	0	2	0	0	160	12	90	28	0	0	50	14	46	4	96	0	10	0	0	0	0	0	78	0	12	0	268	84	94	34	484	34	1758	586	2	0	6	0	2	6	36	10	2	0	44	4	10	0	206	36	4	0	4	0	1916	832	5276	2888	5084	464	1742	380	3142	206	2390	1420	3528	514	28	12	182	170	116	14	76	34	194	24	112	0	0	0	238	6	162	4	194	8	4	2	74	36	150	66	422	124	518	232	1374	216	316	122	720	444	2842	78	1804	244	1260	94	1974	354	22	120	72	24	866	78	452	274	1408	266	892	74	646	182	
166316	BN_Atlas_246_1mm_14	66	726	18	380	2090	7062	26	48	124	52	566	2318	5326	0	1116	32	0	2	354	1056	16	86	2	6	4	0	1272	8524	2	0	8	116	34	0	92	86	188	2	18	4	2436	2778	42	12	588	94	2248	2894	2282	1446	42	6	6	2	10	8	36	4	6	18	6	0	14	6	8	10	14	8	148	392	4	6	12	0	0	6	56	118	20	2	10	10	100	44	0	2	6	10	30	0	10	2	68	42	0	6	0	2	12	4	30	2	54	118	392	54	26	0	28	102	18	2	6	6	18	42	100	158	12	22	0	6	0	0	106	42	84	18	0	2	78	8	28	26	36	0	8	2	0	2	0	4	32	0	6	4	90	12	34	32	124	36	314	224	0	0	0	0	2	26	54	16	6	2	20	24	10	2	140	82	0	0	4	4	486	366	1774	2884	2016	302	240	382	1188	152	890	624	2528	2032	18	40	158	50	86	34	98	90	88	36	84	2	0	0	194	38	104	16	156	62	0	14	60	84	92	128	134	194	148	460	170	1108	462	298	1094	1898	1190	1012	570	418	702	534	374	734	76	232	42	22	208	144	174	436	272	460	244	212	334	298	
195340	BN_Atlas_246_1mm_15	70	120	6390	102	21640	1584	354	30	28	12	394	572	342	1116	0	34	246	4	6088	1782	4852	2	7826	18	34	2	370	1064	490	0	884	20	1028	0	1714	26	2812	0	524	0	28	54	76	8	34	54	178	54	188	68	782	0	80	0	76	0	314	0	16	18	146	0	84	0	4	14	8	22	70	84	126	0	286	0	10	0	152	24	38	2	98	2	34	34	2	0	40	0	250	0	36	0	62	30	14	4	8	2	86	0	218	0	60	16	100	6	52	0	32	26	18	2	16	6	8	4	48	42	12	0	12	0	0	0	528	26	218	12	0	0	548	20	156	12	138	0	28	0	0	2	2	0	112	0	298	0	20	16	28	26	206	12	94	28	74	0	190	0	84	2	796	2	270	0	176	2	656	0	894	26	86	0	126	0	130	32	312	704	106	134	234	70	32	28	32	32	100	166	14	8	352	26	136	16	32	8	288	4	374	0	0	0	482	14	84	2	696	22	4	2	12	18	38	50	140	72	144	148	102	22	888	888	342	180	4298	106	1176	402	6290	194	714	504	150	344	28	64	274	50	240	282	412	210	282	80	594	290	
155536	BN_Atlas_246_1mm_16	194	498	68	11856	520	9838	22	626	8	108	630	370	164	32	34	0	0	12	20	7484	0	9244	4	8068	0	506	16	382	0	8	66	3070	730	2870	60	1354	342	884	250	502	6	20	8	80	10	74	14	78	48	62	6	252	10	4	0	4	14	40	8	34	6	14	2	18	12	28	2	32	94	136	0	32	12	170	0	48	10	90	2	10	0	122	30	42	0	14	2	32	14	2	6	4	50	42	0	30	2	0	0	36	12	10	60	20	8	22	4	2	56	10	6	2	6	2	4	0	78	14	4	4	0	24	0	2	36	106	38	36	0	6	28	16	2	102	6	2	0	14	0	40	0	84	6	6	2	66	20	16	28	40	72	28	12	8	0	54	0	12	0	148	18	96	4	24	10	120	24	148	8	208	2	18	16	84	10	6	40	60	68	82	134	18	26	8	6	2	26	10	0	46	38	34	10	62	14	38	78	16	8	0	0	0	16	50	2	12	48	88	12	8	34	10	78	38	270	50	238	178	72	140	262	956	76	384	38	384	1478	128	198	1396	564	166	90	166	48	40	276	66	802	174	1196	108	1230	106	226	104	
95536	BN_Atlas_246_1mm_17	296	106	2278	84	594	4	2542	100	84	0	0	0	0	0	246	0	0	0	34	4	4044	0	3138	0	4006	0	20	2	4856	0	1278	0	646	0	130	0	52	0	1614	0	0	0	14	0	6	0	2	2	8	2	56	0	1602	0	1330	0	88	0	2	0	54	0	9224	0	0	0	2	0	12	0	194	0	28	0	272	0	46	0	52	0	1738	0	2	0	72	0	586	0	1106	0	198	0	4	0	38	0	14	0	1798	0	1314	0	2	0	2	0	38	0	2	0	0	0	0	0	0	0	8	0	0	0	228	0	28	0	20	0	16	0	0	0	16	0	14	0	0	0	156	0	190	0	210	0	0	0	102	0	0	0	0	0	0	0	0	0	162	0	10	0	16	0	46	0	22	0	30	0	56	0	46	0	8	0	44	0	0	0	0	0	0	0	0	0	0	0	0	0	4	0	0	0	0	0	0	0	0	0	0	0	0	0	0	0	0	0	0	0	0	0	0	0	0	0	0	0	2	0	2	0	0	2	24	2	6	4	20	0	8	2	146	2	4	2	0	2	0	0	4	0	4	4	6	4	8	4	4	2	
56760	BN_Atlas_246_1mm_18	10	28	14	436	4	6	10	934	2	178	0	0	2	2	4	12	0	0	2	6	0	322	0	4116	0	3358	2	2	0	4118	0	352	192	1788	0	56	232	6	230	1214	0	0	12	0	2	2	0	2	2	4	14	2	0	126	0	3298	6	248	10	4	8	54	4	5210	0	0	0	0	2	6	0	0	2	2	0	0	6	0	0	0	2	0	0	0	0	0	0	0	24	0	2	22	0	6	0	0	0	6	2	10	22	0	0	0	2	2	2	0	0	0	0	0	0	0	0	2	2	2	0	0	0	0	0	0	16	2	4	0	0	10	6	2	0	14	2	0	0	26	0	32	0	32	0	18	0	0	0	0	0	0	6	0	0	0	2	68	0	0	2	134	12	36	0	0	20	0	24	2	8	0	0	0	14	0	0	0	0	0	0	0	16	0	0	0	0	0	0	0	0	2	0	0	0	0	2	0	12	0	0	0	0	0	0	0	2	0	0	0	0	0	0	2	0	6	12	2	0	2	0	4	160	30	2	10	8	2	26	0	186	16	144	2	124	36	4	0	6	4	22	0	28	0	18	0	224	2	
184680	BN_Atlas_246_1mm_19	8	10	462	18	7462	254	34	8	8	8	32	106	6318	354	6088	20	34	2	0	1116	3668	0	530	4	14	2	11094	1020	130	0	696	8	334	0	2170	8	698	0	10	2	42	48	726	6	74	44	174	56	116	44	4258	0	26	0	14	0	58	0	30	8	58	0	32	0	26	6	6	18	176	82	38	0	48	2	0	0	148	22	22	4	14	0	66	30	0	0	12	0	150	0	14	0	158	26	4	0	0	0	16	0	140	0	210	26	104	2	40	0	114	24	32	4	18	6	10	0	132	20	22	4	2	0	0	0	538	6	224	20	0	0	206	8	168	0	348	0	26	4	0	0	0	0	288	0	68	0	24	8	42	12	198	14	24	16	16	0	46	0	26	0	152	4	62	0	144	4	154	0	1348	28	18	0	8	0	40	16	50	202	18	24	464	40	4	2	4	10	72	84	162	10	494	8	422	10	50	16	370	14	626	0	0	0	1038	6	754	4	720	10	10	12	52	6	140	32	474	44	482	142	1986	60	426	64	1276	156	8374	50	2752	88	5770	68	2698	80	16	80	92	16	1218	52	784	94	1854	86	1276	28	872	92	
289172	BN_Atlas_246_1mm_20	18	296	20	1624	3306	9090	54	582	44	204	82	92	3582	1056	1782	7484	4	6	1116	0	16	5982	2	582	4	8	2004	19476	6	4	84	1234	88	142	206	1724	390	82	38	24	234	56	12	1150	40	216	218	182	126	124	164	1830	22	34	14	84	56	90	22	56	22	34	12	108	38	22	4	14	160	654	16	198	50	126	2	198	32	730	4	82	14	410	56	130	0	34	2	142	72	22	10	56	104	96	0	116	0	26	22	256	54	42	158	708	40	434	24	20	142	218	58	16	12	8	28	22	162	214	12	134	2	88	0	10	142	1280	184	268	0	64	116	90	30	990	52	16	2	140	0	142	0	172	46	34	30	248	22	42	68	48	166	384	34	32	8	136	22	54	8	636	110	726	38	252	42	1130	118	88	98	1490	8	28	12	96	44	22	68	120	58	14	200	220	14	4	8	10	102	48	8	788	150	378	62	662	46	710	164	306	42	14	0	8	98	622	30	294	140	1148	22	158	88	88	124	248	408	648	578	1950	228	2930	310	1668	280	1186	916	11314	1518	1200	824	11848	698	3010	56	1038	116	122	654	488	624	2050	988	1852	912	954	408	1590	
78752	BN_Atlas_246_1mm_21	20	16	2844	6	2734	18	6	0	0	0	0	8	64	16	4852	0	4044	0	3668	16	0	0	4256	0	64	0	2442	12	2302	0	4364	2	1346	0	1882	2	580	0	84	0	2	10	22	2	4	2	8	2	8	4	2492	0	2	0	2	0	2	0	0	0	6	0	48	0	0	0	0	0	4	0	0	0	0	0	0	0	8	0	2	0	0	0	4	0	0	0	0	0	34	0	2	0	6	0	4	0	0	0	8	0	32	0	2	0	0	0	4	0	2	0	2	0	2	0	0	0	2	0	2	0	0	0	0	0	46	2	30	2	0	0	10	0	6	0	4	0	2	0	0	0	0	0	4	0	0	0	0	0	4	0	2	2	0	0	0	0	0	0	0	0	2	0	0	0	10	0	8	0	44	0	0	0	0	0	0	0	0	12	0	2	8	2	0	0	0	0	6	10	0	0	20	0	8	0	2	0	4	2	16	0	0	0	22	0	4	0	34	0	0	0	0	0	2	0	6	2	10	2	2	2	12	16	20	8	220	4	24	6	220	12	22	6	0	0	0	0	14	0	2	6	16	6	14	0	4	4	
88336	BN_Atlas_246_1mm_22	0	58	0	1558	4	3138	0	92	0	26	0	2	2	86	2	9244	0	322	0	5982	0	0	0	6516	0	8	0	1964	0	526	0	6252	10	1262	6	2872	8	106	4	88	0	2	0	302	0	18	2	10	2	4	0	846	2	16	2	18	4	14	2	8	0	4	0	76	2	0	0	2	4	14	0	10	0	18	0	30	0	46	0	4	0	68	2	4	0	8	0	18	0	0	0	6	2	2	0	12	0	2	0	42	0	4	6	2	2	2	2	0	6	0	2	0	0	0	0	2	4	4	0	2	0	24	0	4	2	38	2	14	0	0	2	0	0	28	0	0	0	6	0	12	0	44	0	14	0	44	2	0	4	2	6	16	0	0	0	16	0	4	0	74	0	24	0	0	0	60	0	132	0	32	0	0	0	60	0	0	0	0	0	0	0	0	0	0	0	0	2	0	0	14	10	8	8	12	0	8	10	8	0	0	0	0	4	10	0	8	4	18	2	6	0	2	2	4	8	12	10	34	8	28	18	144	8	28	18	172	102	12	10	534	16	28	18	26	2	8	14	10	48	28	60	18	60	10	40	26	
62188	BN_Atlas_246_1mm_23	172	500	5552	514	1780	6	56	270	2	0	4	10	2	2	7826	4	3138	0	530	2	4256	0	0	2	3626	2	22	2	840	0	70	0	478	2	2	0	82	0	1096	2	0	2	0	0	0	0	0	0	0	0	14	0	46	0	20	0	2	0	0	0	8	0	92	0	0	0	0	0	0	0	0	0	6	0	0	0	2	0	0	0	0	0	0	0	0	0	0	0	0	0	0	0	0	0	0	0	0	0	2	0	0	0	0	0	0	0	0	0	0	0	0	0	0	0	0	0	0	0	0	0	0	0	0	0	0	0	0	0	0	0	0	0	0	0	0	0	0	0	0	0	0	0	0	0	0	0	0	0	0	0	0	0	0	0	0	0	0	0	0	0	2	0	0	0	0	0	8	0	0	0	0	0	2	0	0	0	0	2	0	2	2	0	0	6	0	0	0	2	0	0	0	0	0	0	0	0	2	0	0	0	0	0	0	0	0	0	0	0	0	0	0	0	0	0	0	0	0	0	0	0	0	2	0	0	0	0	2	0	4	2	2	2	0	2	0	0	0	0	0	0	2	0	0	0	0	2	
95632	BN_Atlas_246_1mm_24	106	184	66	1916	36	114	42	988	16	68	4	2	2	6	18	8068	0	4116	4	582	0	6516	2	0	0	4626	2	26	0	1364	50	1250	1420	3148	10	224	894	122	960	1562	0	6	32	10	6	38	2	48	26	32	34	6	4	2	0	1430	18	594	18	16	18	48	8	150	0	14	0	12	44	60	0	2	4	142	0	2	18	14	0	2	2	14	4	16	0	0	0	0	34	0	4	6	2	24	0	4	0	6	2	4	28	2	30	6	10	8	4	0	28	0	0	2	0	2	0	2	36	2	0	2	0	6	0	0	40	30	18	14	0	8	20	12	0	20	4	0	0	8	0	14	0	18	2	4	0	2	8	4	10	20	36	0	0	2	2	42	0	2	2	80	24	48	0	4	58	18	42	4	10	44	0	2	20	6	2	2	4	14	0	2	66	2	0	2	0	0	8	4	0	8	8	4	4	16	12	4	36	2	2	0	0	0	4	12	4	2	10	14	2	2	12	4	30	18	120	18	74	58	10	60	366	192	18	204	26	22	538	64	356	220	324	38	242	122	28	14	92	18	352	72	512	38	494	36	370	36	
74856	BN_Atlas_246_1mm_25	194	564	3894	580	34	6	3892	432	36	2	0	0	2	4	34	0	4006	0	14	4	64	0	3626	0	0	0	2	8	292	0	8	0	90	0	0	0	38	0	1420	0	0	0	10	0	4	0	2	0	4	0	48	0	2844	0	5840	0	398	0	234	0	186	0	4210	0	0	2	0	0	4	0	12	0	12	0	4	0	26	0	0	0	248	0	2	0	26	0	34	0	828	0	588	0	2	0	8	0	26	0	368	0	876	0	2	0	0	0	54	0	2	0	0	0	0	0	0	0	2	0	0	0	12	0	2	0	8	2	6	0	0	0	4	2	2	0	2	0	226	0	174	0	238	0	2	0	8	0	0	0	0	0	0	0	0	0	156	0	2	0	14	0	20	0	0	0	54	0	50	0	18	0	2	0	8	0	0	0	0	0	0	0	0	0	0	0	0	0	0	0	0	0	0	0	0	0	0	0	0	0	4	0	0	0	4	0	0	0	0	0	0	0	2	0	0	0	2	0	2	0	0	0	28	2	2	0	38	0	4	4	128	0	2	0	10	2	2	0	2	0	2	4	2	4	4	4	4	2	
47876	BN_Atlas_246_1mm_26	8	10	4	1892	6	18	6	2818	16	118	0	0	0	0	2	506	0	3358	2	8	0	8	2	4626	0	0	0	2	0	112	0	8	64	302	0	10	68	26	64	528	0	0	4	0	0	0	0	6	0	2	4	2	2	12	0	4888	0	1824	0	2	4	66	2	710	0	0	0	2	4	4	0	0	0	24	0	0	2	0	0	0	2	4	0	0	0	2	0	0	6	0	0	54	0	4	0	0	0	20	2	22	6	0	0	0	0	0	0	0	0	0	0	0	0	0	0	0	2	2	0	0	0	0	0	0	2	4	2	0	0	38	0	20	0	32	0	0	0	50	0	78	0	86	0	20	0	0	0	0	0	0	2	0	0	2	0	166	0	0	0	316	0	80	0	0	6	0	16	6	4	0	0	0	8	0	2	2	2	0	0	0	4	2	0	0	0	0	0	0	0	0	0	0	0	0	0	0	2	0	0	0	0	0	0	0	0	0	0	2	0	0	0	0	0	4	4	6	0	6	0	4	32	140	2	12	4	2	4	2	60	60	50	0	78	70	2	6	4	0	6	4	10	4	2	2	118	4	
281688	BN_Atlas_246_1mm_27	18	34	82	28	406	170	34	8	16	10	50	222	6752	1272	370	16	20	2	11094	2004	2442	0	22	2	2	0	0	5470	74	0	364	0	154	6	866	0	150	0	4	20	2258	118	4974	8	3496	194	4732	1032	682	270	4804	0	20	0	6	0	22	2	14	6	32	4	26	6	48	12	4	16	462	286	6	0	20	0	4	0	158	60	34	18	0	0	170	70	0	0	6	12	50	0	8	0	348	50	6	6	0	0	4	0	48	2	342	202	320	46	38	4	176	202	70	12	36	100	40	36	318	188	60	46	0	0	0	0	278	10	200	34	0	0	152	8	88	4	478	0	42	10	0	0	0	0	356	0	12	0	38	18	100	16	284	54	34	28	4	0	8	0	8	0	56	8	8	0	160	30	50	0	808	88	6	0	0	0	56	38	94	1148	28	24	460	182	44	16	42	38	302	112	804	156	1850	108	1344	150	808	122	1286	144	508	0	2	0	1482	54	2288	12	1092	76	46	34	178	78	378	152	776	280	1534	892	13070	878	146	72	7864	682	12648	124	2736	536	6046	142	2972	632	24	196	150	32	2272	456	858	534	2100	594	1956	238	842	314	
391100	BN_Atlas_246_1mm_28	14	62	20	166	2684	2098	50	78	66	28	160	142	7448	8524	1064	382	2	2	1020	19476	12	1964	2	26	8	2	5470	0	2	0	52	148	84	12	124	342	230	26	20	36	3396	592	80	2560	1370	1852	4900	12826	1156	594	106	1420	12	0	14	8	34	36	18	56	14	26	6	20	52	50	8	20	224	2340	12	110	42	90	6	100	52	1470	10	26	28	204	96	328	0	8	8	76	48	20	10	18	138	252	0	80	0	2	12	98	34	30	168	1424	76	740	18	20	150	566	72	30	8	34	28	46	194	476	22	274	4	58	0	6	118	594	188	182	0	26	102	124	30	404	52	8	6	116	0	76	0	80	42	12	32	154	30	76	80	136	204	342	30	42	4	38	24	42	4	174	88	278	40	162	32	1214	64	26	84	1980	20	24	12	36	52	44	140	2416	164	24	170	310	52	12	44	30	2006	188	14	786	200	390	72	794	102	1136	156	368	70	24	2	2	130	886	46	286	144	1166	34	166	114	162	170	584	440	1324	738	3772	376	11836	168	426	712	6374	756	12654	1218	3274	624	7848	612	6152	54	1178	166	144	796	1272	1008	4260	1214	4126	1124	3076	268	2614	
45712	BN_Atlas_246_1mm_29	382	10	2842	0	816	2	408	0	6	0	2	2	2	2	490	0	4856	0	130	6	2302	0	840	0	292	0	74	2	0	0	1802	0	1992	0	90	0	4	0	1242	0	0	0	4	0	0	0	0	0	0	0	102	0	498	0	0	0	0	0	0	2	140	0	2924	0	0	0	0	0	0	0	24	0	10	0	16	0	2	0	12	0	146	0	2	0	0	0	50	0	16	0	0	0	0	0	2	0	0	0	130	0	38	0	0	0	0	0	0	0	0	0	0	0	0	0	0	0	0	0	0	0	6	0	0	0	4	0	2	0	0	0	0	0	2	0	0	0	2	0	0	0	2	0	0	0	14	0	0	0	0	0	2	0	2	0	0	0	2	0	0	0	0	0	6	0	2	0	0	0	6	0	0	0	0	0	0	0	0	0	0	2	2	0	0	2	0	0	0	0	0	0	0	0	0	0	0	0	2	0	2	0	0	0	2	0	0	0	0	0	0	0	0	0	0	0	0	0	0	0	0	2	10	6	0	0	16	0	4	2	14	4	2	2	2	2	0	0	0	0	2	0	4	0	2	2	0	2	
39028	BN_Atlas_246_1mm_30	0	20	0	958	0	6	0	984	0	96	0	0	0	0	0	8	0	4118	0	4	0	526	0	1364	0	112	0	0	0	0	0	558	0	2704	0	102	2	6	2	3190	0	0	0	0	0	0	0	0	2	0	0	0	0	68	0	334	0	6	0	0	0	334	0	3884	0	0	0	0	4	0	0	0	0	12	0	0	0	0	0	0	0	4	2	0	0	0	0	0	0	0	0	2	2	0	0	0	0	0	0	0	0	0	0	0	0	0	0	0	0	0	0	0	0	0	2	0	2	0	0	0	0	0	0	0	2	0	0	0	0	6	2	0	0	0	0	0	0	0	0	18	0	16	0	0	0	4	0	0	0	0	0	0	0	0	0	2	0	0	0	4	0	0	0	0	0	0	0	0	0	0	0	0	0	0	0	0	0	0	0	0	0	0	0	0	0	0	0	0	0	0	0	0	0	0	0	0	0	0	0	0	0	0	0	0	0	0	0	0	0	0	0	0	2	0	0	0	0	0	0	0	0	16	4	0	0	0	2	0	2	8	0	0	0	0	0	0	0	0	4	0	2	0	2	0	0	0	
42888	BN_Atlas_246_1mm_31	32	38	1992	66	1998	80	0	0	0	0	10	10	28	8	884	66	1278	0	696	84	4364	0	70	50	8	0	364	52	1802	0	0	0	3978	2	1838	2	528	0	126	0	0	2	6	0	0	2	0	4	2	2	378	0	0	0	0	0	0	0	0	0	0	0	2	0	0	0	0	0	4	0	0	0	0	0	0	0	4	0	0	0	0	0	2	0	0	0	0	0	4	0	0	0	6	0	0	0	0	0	0	0	4	0	4	2	2	0	0	0	2	0	2	0	2	0	0	0	2	0	2	0	0	0	0	0	2	2	4	2	0	0	2	0	0	0	2	0	2	0	0	0	0	0	2	0	0	0	0	0	2	0	4	0	0	0	0	0	0	0	0	0	0	0	0	0	2	0	4	0	14	0	0	0	0	0	0	0	0	0	0	4	20	0	0	2	0	0	2	0	0	0	4	0	4	0	2	0	4	0	6	0	0	0	8	0	0	0	6	2	0	0	0	0	2	0	10	0	14	2	10	2	10	22	8	6	40	12	58	2	34	14	48	6	0	10	2	0	32	4	4	2	34	2	34	2	10	6	
65628	BN_Atlas_246_1mm_32	0	64	0	1468	26	3302	2	96	2	40	4	0	10	116	20	3070	0	352	8	1234	2	6252	0	1250	0	8	0	148	0	558	0	0	8	4302	8	5158	12	370	2	148	4	0	2	56	2	18	4	8	12	6	2	286	4	20	2	16	4	28	2	12	0	2	0	80	4	0	0	0	4	10	0	30	2	30	0	42	0	50	0	4	0	122	4	0	0	12	0	28	2	0	0	4	2	6	0	12	0	2	0	56	2	8	6	4	2	6	2	0	6	0	2	2	0	0	2	2	6	6	0	2	0	24	0	6	10	76	6	14	0	0	6	2	0	74	0	0	0	6	0	16	0	54	0	12	0	62	0	2	2	0	12	16	0	0	0	34	0	4	0	108	2	48	0	4	0	70	2	270	2	66	0	6	0	100	0	0	0	2	0	0	2	0	0	0	0	0	4	0	0	24	16	14	12	14	0	12	18	8	0	0	0	0	6	20	2	14	2	26	0	6	4	6	2	6	12	30	12	48	12	26	26	398	12	42	38	316	92	18	22	808	24	48	18	66	4	14	20	14	42	28	40	30	40	20	40	24	
117436	BN_Atlas_246_1mm_33	1708	1354	6944	874	5030	472	30	66	2	18	52	160	16	34	1028	730	646	192	334	88	1346	10	478	1420	90	64	154	84	1992	0	3978	8	0	54	1328	14	6934	14	8448	60	0	18	12	10	14	78	26	82	74	80	178	0	10	0	4	2	4	10	6	40	10	4	76	4	18	6	2	14	44	198	0	0	14	22	0	2	30	38	2	0	2	12	4	62	0	0	0	0	20	2	2	0	10	60	0	2	0	0	2	2	18	2	34	18	16	16	2	2	26	14	2	0	0	2	6	8	34	38	0	0	0	0	0	0	38	26	32	12	0	2	38	12	4	20	8	2	0	4	0	6	0	2	6	2	0	0	18	8	46	30	20	8	8	6	0	0	0	0	0	14	6	12	2	4	30	18	150	4	24	48	0	0	12	6	6	10	18	48	4	70	38	22	4	16	2	2	18	18	2	50	20	12	8	34	14	16	22	4	12	0	0	2	22	34	8	8	20	28	10	6	10	22	28	82	72	76	68	186	66	136	82	502	102	474	98	74	1006	438	172	294	94	208	26	1126	52	34	108	58	814	410	830	276	926	210	76	382	
105704	BN_Atlas_246_1mm_34	12	2110	8	9562	10	3602	8	956	4	36	12	6	0	0	0	2870	0	1788	0	142	0	1262	2	3148	0	302	6	12	0	2704	2	4302	54	0	4	2446	36	2970	30	8768	0	6	4	26	0	48	4	12	20	20	0	174	0	6	0	18	0	0	0	2	0	46	0	236	6	2	0	2	12	36	0	24	0	1590	0	42	0	234	0	24	0	60	0	8	0	4	0	116	2	0	0	2	2	14	2	8	0	0	0	22	4	2	6	4	0	4	0	0	6	0	0	0	0	0	2	0	12	2	0	0	0	26	0	4	10	14	4	4	0	0	8	2	0	12	0	0	0	4	0	8	0	18	0	0	0	36	4	2	10	2	10	8	4	0	0	0	0	16	0	4	0	6	0	28	2	54	0	290	4	202	0	22	0	116	2	0	2	2	0	0	18	0	0	0	0	0	8	2	0	14	2	6	0	18	4	4	6	0	0	0	0	0	0	102	0	10	4	104	0	2	8	10	14	20	32	4	28	18	20	36	14	32	24	94	8	20	206	14	16	146	44	20	8	18	10	6	36	20	176	24	134	22	202	22	30	22	
43424	BN_Atlas_246_1mm_35	0	12	38	48	2164	144	12	12	0	0	0	24	406	92	1714	60	130	0	2170	206	1882	6	2	10	0	0	866	124	90	0	1838	8	1328	4	0	10	3536	0	336	2	2	10	166	2	8	2	12	6	6	2	1754	0	0	0	0	0	8	0	0	2	0	0	0	0	2	0	0	0	10	10	0	0	16	0	0	0	44	4	6	2	0	6	4	4	0	0	2	0	26	0	4	0	6	0	2	0	0	0	6	2	20	2	6	0	8	0	4	0	4	6	2	0	2	4	0	2	4	10	2	0	0	0	0	0	28	12	20	2	0	0	12	0	2	6	8	0	2	0	0	0	0	0	8	0	0	0	0	2	2	2	14	2	0	0	4	0	2	0	2	4	16	0	2	0	32	0	100	0	62	6	0	0	0	0	2	0	4	16	2	6	26	0	2	2	2	2	10	10	0	0	26	2	16	2	6	0	18	2	30	0	0	0	50	0	16	0	36	4	0	0	0	2	4	8	4	14	12	20	58	4	60	68	48	22	364	20	78	50	262	28	92	46	2	56	0	2	22	2	8	40	38	20	22	6	58	42	
77184	BN_Atlas_246_1mm_36	2	240	0	1268	36	2308	2	340	0	102	12	8	10	86	26	1354	0	56	8	1724	2	2872	0	224	0	10	0	342	0	102	2	5158	14	2446	10	0	16	2628	4	42	4	0	4	204	4	108	6	28	24	20	6	3120	4	24	2	28	4	48	2	12	0	20	0	82	2	2	0	0	12	54	0	82	4	138	0	104	2	268	2	18	0	354	6	20	0	34	0	82	2	2	0	22	6	12	0	56	0	4	0	204	2	14	4	10	6	88	0	0	4	0	0	2	0	2	2	2	12	8	0	10	0	66	0	10	12	280	8	66	0	8	4	6	0	248	4	2	0	14	0	48	0	116	4	22	0	148	0	4	0	6	8	102	0	0	0	76	0	20	0	348	2	246	0	36	0	448	4	1246	6	400	0	18	0	200	0	0	2	4	2	0	8	4	0	0	2	2	6	0	0	168	16	76	10	152	4	88	16	18	0	2	0	0	6	182	8	76	6	264	0	36	6	12	8	18	16	34	18	58	12	70	36	540	22	104	46	1622	164	26	30	2704	38	64	24	80	4	18	32	22	112	44	72	44	110	32	60	30	
123916	BN_Atlas_246_1mm_37	1464	1852	2104	1452	3596	512	948	754	38	12	18	104	46	188	2812	342	52	232	698	390	580	8	82	894	38	68	150	230	4	2	528	12	6934	36	3536	16	0	8	9424	42	2	28	164	2	28	14	34	12	44	22	2106	0	52	0	18	0	70	0	10	24	432	8	76	4	8	0	2	6	54	30	12	2	948	12	0	2	822	12	48	2	36	18	10	12	0	0	16	0	296	0	58	0	20	0	6	12	16	0	70	2	292	6	28	4	42	0	22	0	12	8	4	0	2	4	2	8	12	26	0	0	0	0	0	0	174	24	66	2	0	2	138	4	44	22	68	0	18	0	2	12	2	2	56	0	8	2	2	2	14	8	36	4	8	2	64	2	56	0	6	18	154	8	84	2	626	4	3574	4	390	32	192	0	2166	6	8	2	24	78	12	28	42	12	2	20	6	8	34	42	4	4	84	8	42	6	10	0	52	4	70	0	0	0	100	6	34	0	150	8	4	2	2	10	12	22	20	28	30	68	28	12	330	382	80	62	724	32	152	220	2140	146	98	162	40	822	14	20	38	8	60	158	76	122	50	42	90	282	
73968	BN_Atlas_246_1mm_38	8	1432	4	2816	6	1456	8	968	0	176	6	4	0	2	0	884	0	6	0	82	0	106	0	122	0	26	0	26	0	6	0	370	14	2970	0	2628	8	0	6	520	0	2	4	174	2	144	6	18	22	20	0	2050	0	4	0	8	2	14	0	2	0	1368	0	14	4	2	0	2	8	54	0	364	0	2056	0	786	0	584	0	88	0	694	4	14	0	34	0	318	0	0	0	28	6	6	0	48	0	0	0	258	0	20	8	8	2	24	0	0	4	2	0	0	0	2	2	2	8	2	0	0	0	312	0	66	2	140	4	18	0	14	4	16	0	132	0	0	0	8	0	46	0	270	0	6	0	728	6	2	6	6	14	54	4	0	0	32	0	210	0	170	4	158	0	150	0	298	0	2772	2	850	0	346	0	2450	0	0	0	2	0	0	26	2	0	0	0	0	6	0	0	46	2	6	0	68	2	14	12	12	0	2	0	0	0	266	2	26	2	346	0	18	8	4	6	14	28	6	20	20	14	36	12	74	14	74	2	428	164	18	2	1246	44	24	10	16	6	2	28	24	136	28	106	26	148	26	40	14	
143992	BN_Atlas_246_1mm_39	4852	2700	11998	1716	2726	228	3834	1138	58	16	22	88	2	18	524	250	1614	230	10	38	84	4	1096	960	1420	64	4	20	1242	2	126	2	8448	30	336	4	9424	6	0	40	0	10	48	4	16	34	14	26	36	30	96	2	250	0	50	0	94	4	10	22	2402	6	2712	2	6	0	2	4	30	62	34	0	794	8	22	2	244	20	78	0	178	4	2	20	0	0	52	0	144	0	40	0	2	8	12	8	6	0	202	0	198	2	12	2	14	4	4	0	10	2	4	0	2	0	2	10	20	16	0	0	6	0	0	0	42	20	26	4	0	0	66	8	14	14	12	0	4	0	4	8	10	0	8	0	36	0	4	2	16	12	16	4	6	4	100	2	34	0	6	16	118	6	116	2	72	10	1058	4	174	28	168	0	1418	2	4	6	12	46	4	42	16	24	2	30	6	8	12	14	6	6	26	10	12	6	6	4	16	4	6	0	0	0	18	6	10	0	38	6	4	2	6	12	12	28	16	24	10	80	30	34	166	300	46	136	76	32	252	180	600	128	32	98	32	692	10	20	26	16	214	174	194	128	214	62	50	246	
154840	BN_Atlas_246_1mm_40	50	4754	22	13006	4	622	46	7884	26	1160	0	2	0	4	0	502	0	1214	2	24	0	88	2	1562	0	528	20	36	0	3190	0	148	60	8768	2	42	42	520	40	0	4	10	18	12	14	94	28	56	66	58	6	16	2	62	2	146	6	22	6	12	4	8624	4	6662	12	2	0	4	58	188	0	366	2	2144	0	448	2	34	0	22	0	310	18	34	0	16	0	112	4	0	0	4	28	60	2	2	0	2	0	22	4	2	20	18	10	18	2	2	12	6	0	2	0	2	4	2	38	6	2	0	0	114	0	60	28	24	30	4	0	50	20	6	6	22	0	2	0	12	0	746	0	1508	0	12	0	1780	14	4	22	10	30	10	4	4	0	8	0	106	0	18	4	80	0	46	14	40	0	34	6	58	0	50	0	138	8	0	6	6	2	2	56	2	4	0	2	4	22	2	2	34	12	28	4	38	12	16	32	6	4	0	0	0	8	28	4	8	14	30	2	8	30	38	48	112	108	20	80	88	102	266	78	84	114	502	54	124	1100	68	64	266	314	92	78	102	18	18	138	120	1004	128	606	108	1064	124	208	72	
67252	BN_Atlas_246_1mm_41	16	24	4	10	96	86	2	10	66	10	80	62	4018	2436	28	6	0	0	42	234	2	0	0	0	0	0	2258	3396	0	0	0	4	0	0	2	4	2	0	0	4	0	1102	4	0	64	106	2310	2292	1632	728	2	0	0	0	0	0	4	0	0	0	2	0	2	2	2	4	8	4	66	32	0	0	0	0	0	0	36	2	2	0	0	2	52	4	0	0	0	2	0	0	2	0	14	2	0	0	0	0	2	0	2	0	12	6	64	0	4	0	8	2	8	0	0	0	10	4	32	18	8	0	0	2	0	0	12	6	8	0	0	0	4	0	2	6	0	0	0	0	0	0	0	0	0	0	0	0	4	8	10	6	12	4	24	34	0	0	0	0	0	2	6	0	0	0	4	4	0	0	2	4	0	0	0	0	110	88	972	2426	594	60	38	42	668	60	558	368	3732	228	4	10	36	2	6	6	24	6	16	8	2	0	0	0	20	4	24	4	26	2	0	0	30	8	34	12	34	14	24	24	60	118	18	18	328	440	54	10	26	16	36	36	22	68	6	14	2	4	30	18	16	60	30	42	32	18	16	34	
103368	BN_Atlas_246_1mm_42	16	130	4	32	92	128	12	8	24	8	52	226	448	2778	54	20	0	0	48	56	10	2	2	6	0	0	118	592	0	0	2	0	18	6	10	0	28	2	10	10	1102	0	20	12	404	174	846	1070	4592	6858	24	4	2	0	0	0	24	4	6	4	2	2	4	2	0	4	0	6	470	360	0	0	6	2	0	0	70	44	14	0	0	2	202	68	0	0	0	0	12	0	8	0	122	42	0	0	0	0	6	0	16	0	44	74	304	22	22	0	26	86	18	0	8	20	28	96	312	216	16	22	0	0	0	0	62	6	28	10	0	0	32	0	6	2	14	0	2	4	0	2	0	0	12	0	0	0	26	10	12	16	28	58	22	150	0	0	2	0	0	0	24	2	0	2	22	48	2	0	22	42	0	0	0	0	66	124	762	3276	426	284	56	222	256	168	106	130	4114	3616	32	20	182	22	52	20	118	42	64	18	32	0	0	0	96	8	104	8	154	10	0	4	204	192	326	160	84	222	98	308	176	350	130	50	2206	6006	400	72	168	114	218	106	70	90	58	34	34	2	148	258	176	146	162	188	170	240	134	48	
196556	BN_Atlas_246_1mm_43	132	104	144	56	148	24	608	56	70	12	8	14	122	42	76	8	14	12	726	12	22	0	0	32	10	4	4974	80	4	0	6	2	12	4	166	4	164	4	48	18	4	20	0	0	8956	56	1930	124	1824	150	6010	2	64	2	64	4	82	6	14	8	186	6	70	2	18	2	2	4	3576	96	62	0	558	4	4	0	4516	44	586	30	56	2	224	48	0	0	20	22	296	0	90	0	86	24	12	0	22	0	98	2	302	0	92	90	944	24	192	2	56	74	42	10	22	70	28	2	664	42	36	24	4	0	0	0	168	12	80	8	0	0	128	6	42	4	168	0	16	2	0	2	0	0	100	0	104	0	20	2	20	8	132	38	28	4	68	0	340	0	18	0	110	2	276	0	5744	22	206	0	4216	42	218	0	92	0	6	4	28	16	10	8	112	14	6	2	6	2	50	14	1296	238	2024	70	1514	112	1158	68	998	76	480	2	4	0	1676	32	2834	2	722	40	2	4	452	20	588	42	192	50	532	354	4888	44	464	38	5028	304	10220	20	178	54	5688	46	292	50	22	70	18	10	352	218	156	94	366	128	274	50	74	76	
107244	BN_Atlas_246_1mm_44	4	96	4	112	14	96	6	52	6	18	0	0	6	12	8	80	0	0	6	1150	2	302	0	10	0	0	8	2560	0	0	0	56	10	26	2	204	2	174	4	12	0	12	0	0	8	7326	14	2270	40	806	0	4750	0	2	0	6	2	4	0	10	0	18	0	10	2	4	0	4	40	2508	0	110	0	218	0	118	0	3892	0	36	0	256	16	118	0	24	0	52	0	6	0	30	20	34	0	70	0	16	0	180	0	20	30	178	4	332	2	2	32	8	14	2	4	2	4	4	38	18	0	60	0	24	0	10	0	236	14	40	0	20	2	30	0	214	4	0	0	24	0	42	0	66	4	18	0	128	0	10	2	16	16	144	4	6	0	12	0	66	0	84	0	170	0	152	2	3168	0	346	6	2912	0	54	0	146	6	2	10	14	6	2	16	14	2	0	0	0	18	6	0	434	26	206	16	466	10	374	6	56	2	12	0	2	16	830	8	152	16	1032	2	40	10	50	40	90	76	60	124	404	40	1328	16	54	108	2074	48	2528	156	86	30	3572	60	166	4	84	6	16	114	186	178	178	218	264	220	82	20	110	
286672	BN_Atlas_246_1mm_45	30	68	28	42	118	92	118	32	14	12	28	60	140	588	34	10	6	2	74	40	4	0	0	6	4	0	3496	1370	0	0	0	2	14	0	8	4	28	2	16	14	64	404	8956	8	0	360	14480	1842	5010	954	524	4	24	4	12	4	40	8	12	6	46	8	26	4	24	4	0	14	4536	288	14	0	124	4	2	0	2846	166	388	92	18	0	710	148	2	0	4	48	66	2	38	0	300	56	8	0	6	0	32	0	74	0	756	252	4264	76	154	12	206	202	194	22	150	170	278	14	1400	140	312	78	2	0	0	0	84	8	48	22	0	0	74	6	10	4	68	0	4	2	0	0	0	0	30	0	38	0	18	4	24	6	166	108	68	12	12	0	78	0	4	0	50	4	82	0	2862	70	20	0	4194	166	40	0	12	0	30	18	136	364	74	26	240	98	42	18	10	14	568	120	3258	456	5440	288	1272	326	5472	228	1932	204	242	2	6	0	840	84	1938	4	744	120	12	16	926	58	1148	104	810	164	2050	1002	7706	358	166	80	8838	1542	17064	74	778	106	2558	114	722	114	48	96	50	36	1540	582	418	150	1010	336	1244	72	132	100	
