data	data	380176	300320	1.25487e+06	1.49384e+06	485708	319204	230324	204324	281412	172876	351444	132308	139044	123460	473288	647068	384464	457300	527212	565548	142404	524896	480488	586064	404096	448588	225584	151572	224716	190228	29036	23276	443612	272800	475064	558724	263060	307408	580184	497348	831016	930596	625464	650476	255716	458632	636824	768836	462172	658172	849884	752564	532852	507376	511968	154936	168764	56724	743004	814080	371540	419364	550712	500844	298608	226728	109660	136116	155208	189708	1.00763e+06	882008	223240	133052	902292	1.01514e+06	1.05968e+06	983084	270736	401104	1.17644e+06	1.12693e+06	60300	47924	267036	306388	465512	535052	670760	399820	389288	464840	500208	296044	498108	547628	260376	421228	275620	227076	701292	433744	805824	883672	243980	41528	361600	363452	203568	228104	163576	262048	304944	215156	427808	407708	424656	189264	159032	265896	
data	data	AAL2_2001	AAL2_2002	AAL2_2101	AAL2_2102	AAL2_2201	AAL2_2202	AAL2_2301	AAL2_2302	AAL2_2311	AAL2_2312	AAL2_2321	AAL2_2322	AAL2_2331	AAL2_2332	AAL2_2401	AAL2_2402	AAL2_2501	AAL2_2502	AAL2_2601	AAL2_2602	AAL2_2611	AAL2_2612	AAL2_2701	AAL2_2702	AAL2_2801	AAL2_2802	AAL2_2811	AAL2_2812	AAL2_2821	AAL2_2822	AAL2_2831	AAL2_2832	AAL2_3001	AAL2_3002	AAL2_4001	AAL2_4002	AAL2_4011	AAL2_4012	AAL2_4021	AAL2_4022	AAL2_4101	AAL2_4102	AAL2_4111	AAL2_4112	AAL2_4201	AAL2_4202	AAL2_5001	AAL2_5002	AAL2_5011	AAL2_5012	AAL2_5021	AAL2_5022	AAL2_5101	AAL2_5102	AAL2_5201	AAL2_5202	AAL2_5301	AAL2_5302	AAL2_5401	AAL2_5402	AAL2_6001	AAL2_6002	AAL2_6101	AAL2_6102	AAL2_6201	AAL2_6202	AAL2_6211	AAL2_6212	AAL2_6221	AAL2_6222	AAL2_6301	AAL2_6302	AAL2_6401	AAL2_6402	AAL2_7001	AAL2_7002	AAL2_7011	AAL2_7012	AAL2_7021	AAL2_7022	AAL2_7101	AAL2_7102	AAL2_8101	AAL2_8102	AAL2_8111	AAL2_8112	AAL2_8121	AAL2_8122	AAL2_8201	AAL2_8202	AAL2_8211	AAL2_8212	AAL2_8301	AAL2_8302	AAL2_9001	AAL2_9002	AAL2_9011	AAL2_9012	AAL2_9021	AAL2_9022	AAL2_9031	AAL2_9032	AAL2_9041	AAL2_9042	AAL2_9051	AAL2_9052	AAL2_9061	AAL2_9062	AAL2_9071	AAL2_9072	AAL2_9081	AAL2_9082	AAL2_9100	AAL2_9110	AAL2_9120	AAL2_9130	AAL2_9140	AAL2_9150	AAL2_9160	AAL2_9170	
380176	AAL2_2001	0	120	13800	1050	15836	30	15158	10	3512	8	796	0	7816	0	9570	1212	64	128	362	184	8	58	98	96	86	36	16	4	320	34	4	0	2842	4	118	128	50	134	14	14	1528	192	138	114	38	120	50	20	40	6	72	50	62	4	80	0	172	0	94	64	26534	46	878	32	8926	4	5658	0	1204	2	106	54	6018	34	1182	300	10876	356	6332	202	6360	810	494	0	4228	0	1248	94	18166	0	124	82	8780	8	432	198	264	188	244	94	246	86	396	266	128	0	240	130	208	76	64	40	258	70	96	58	222	78	84	220	
300320	AAL2_2002	120	0	112	12308	16	15806	20	10558	42	3284	12	248	6	1106	224	4892	50	66	28	426	2	78	60	198	32	220	16	104	26	144	0	34	24	2374	12	24	282	46	30	28	216	356	124	280	58	166	44	58	36	42	82	138	42	38	30	6	2	4	66	120	112	22574	128	4288	6	8458	0	1678	0	2036	158	272	590	4544	376	2590	178	10682	160	5088	628	14338	2	22	2	376	58	204	22	1858	44	146	32	1130	286	442	202	308	236	1168	278	120	302	866	126	0	364	500	186	310	72	66	2078	770	140	140	468	436	874	1676	
1.25487e+06	AAL2_2101	13800	112	0	37030	66868	1536	19194	124	24096	84	17598	20	3162	18	57566	12034	1956	1728	53302	15126	4266	3034	4458	1222	6482	700	13642	146	2304	114	2686	4	15750	46	17748	20236	9254	3754	3340	924	4792	2202	2656	1064	888	686	4686	732	3280	324	11004	756	4950	200	5564	2	1558	2	2154	660	1814	180	2198	246	904	8	130	0	48	18	6052	1886	534	114	15972	4374	51798	2448	7478	1192	19142	4490	1084	2	1270	42	2848	478	2176	110	1644	670	1752	40	508	294	326	260	754	406	720	198	594	476	158	0	606	298	720	394	138	76	1188	426	326	100	318	228	342	814	
1.49384e+06	AAL2_2102	1050	12308	37030	0	6722	43350	3262	20618	5120	17628	1426	3652	218	2274	14776	71162	6920	8082	28198	60396	5288	23322	7608	6532	6294	6230	2784	6324	428	1752	2	552	3808	4584	18332	34222	4178	10462	1250	2792	2762	7876	1536	4322	802	5720	1312	4024	734	2738	1230	4464	1136	2770	824	108	216	30	1216	2768	622	3388	1438	2636	156	1008	22	710	8	484	2516	3806	992	560	8008	36478	10956	42328	2934	12736	8568	31214	228	190	184	890	1100	4618	932	1926	854	2432	902	920	1324	494	558	382	1184	1530	2086	690	1728	1198	310	0	702	526	1008	832	208	154	1978	1092	976	466	638	424	570	1592	
485708	AAL2_2201	15836	16	66868	6722	0	44	7552	8	20060	20	12600	0	476	4	1976	972	418	414	8954	3968	104	470	462	176	846	126	6612	22	1832	24	3250	0	6906	2	1444	4192	428	778	372	190	1434	702	908	324	192	142	2822	234	1936	122	7364	178	3170	48	4112	0	1272	2	1096	240	954	28	1116	48	602	0	96	0	130	2	922	454	62	16	2336	866	20056	576	1106	342	2002	608	614	0	920	14	1276	110	2092	44	632	182	1584	10	20	18	10	8	120	62	126	24	72	46	16	0	102	34	156	66	26	14	248	60	46	16	18	38	80	186	
319204	AAL2_2202	30	15806	1536	43350	44	0	800	6990	1862	16058	122	3934	12	214	226	1872	82	142	1036	3054	82	810	82	314	56	598	36	3520	62	1372	0	948	508	1518	162	398	108	86	144	106	684	1934	320	922	164	1456	350	1460	114	1136	256	1082	128	1130	72	52	8	8	162	716	18	2754	154	920	26	1024	2	268	0	422	372	264	74	44	1904	7836	1586	8980	352	1964	2384	2374	24	110	4	294	174	960	134	676	204	330	162	408	60	24	44	22	94	138	110	86	66	84	20	0	70	48	148	140	28	12	278	178	124	18	36	44	62	232	
230324	AAL2_2301	15158	20	19194	3262	7552	800	0	188	21256	14	778	2	7416	6	11790	2856	8	8	2164	288	2	4	28	8	26	10	8	4	148	4	0	0	4932	8	978	1002	16	140	6	6	14	26	10	14	16	22	20	4	20	0	30	14	42	0	50	0	26	0	14	4	2278	16	318	16	810	6	1034	0	6	2	60	18	6	6	56	420	1328	98	96	22	74	534	398	2	1868	0	2126	16	2014	2	54	14	636	0	24	6	18	12	10	26	12	4	22	16	2	2	14	18	14	26	0	0	62	22	2	0	10	10	28	52	
204324	AAL2_2302	10	10558	124	20618	8	6990	188	0	236	16910	26	808	2	6922	90	9348	54	56	18	4044	12	70	54	88	48	92	30	38	20	112	2	30	96	4296	32	32	6	2	28	8	134	124	72	124	68	228	84	208	18	152	92	88	20	142	16	4	6	2	34	54	8	898	54	1358	0	2228	0	3332	0	106	126	42	18	6	722	404	314	2056	102	346	1332	238	4	30	0	1830	52	934	36	928	62	140	40	94	20	22	14	20	26	18	24	6	18	22	8	2	28	16	26	44	8	20	68	30	16	8	12	10	16	44	
281412	AAL2_2311	3512	42	24096	5120	20060	1862	21256	236	0	50	9858	14	356	12	5904	2770	80	120	7800	1674	22	144	80	102	60	96	28	28	252	40	32	0	9954	48	730	1976	72	360	40	22	136	294	92	104	42	224	182	80	322	40	256	72	592	56	512	6	140	0	118	50	256	64	334	82	128	24	20	0	6	14	258	84	14	24	1210	1968	3700	854	168	244	1218	2016	182	16	320	4	1780	174	742	30	76	200	534	24	42	26	22	18	58	86	56	18	54	48	12	2	76	62	126	162	24	10	264	88	16	16	18	50	104	254	
172876	AAL2_2312	8	3284	84	17628	20	16058	14	16910	50	0	8	6024	0	310	26	3194	22	24	70	4458	2	28	20	76	12	86	4	18	6	230	0	66	24	3748	12	30	0	6	34	26	50	178	20	46	22	152	70	368	14	386	26	178	20	382	6	8	4	0	12	72	2	774	20	450	2	304	0	642	0	70	40	28	6	4	192	1492	150	4020	48	492	276	142	0	54	2	562	22	538	12	750	18	38	16	318	10	8	4	8	22	30	12	6	8	8	0	0	12	6	14	28	2	6	50	24	6	0	0	6	10	40	
351444	AAL2_2321	796	12	17598	1426	12600	122	778	26	9858	8	0	8	1126	12	2420	624	158	130	734	434	46	110	1242	180	4574	134	10374	22	8128	16	2388	2	18386	8	134	364	36	44	152	84	1958	992	1676	454	304	150	3442	314	1806	152	10382	214	2348	50	4448	0	1876	2	2066	336	798	22	446	44	228	6	76	0	14	2	486	470	18	14	1692	706	23038	288	608	116	826	762	494	2	2406	38	7544	136	2300	74	1540	234	1130	10	18	22	16	16	46	40	96	26	72	34	8	0	48	28	42	28	14	8	94	40	34	12	24	18	36	70	
132308	AAL2_2322	0	248	20	3652	0	3934	2	808	14	6024	8	0	0	340	10	480	22	132	6	538	0	254	24	1202	12	1540	4	2200	6	5378	0	2544	8	7112	6	18	2	6	8	6	48	214	18	238	6	308	200	1732	6	1650	22	734	2	1666	14	52	6	26	8	510	0	772	8	514	6	198	0	214	0	90	16	42	2	4	120	2058	40	8384	10	674	200	88	0	110	2	1408	10	5134	8	1070	12	254	10	422	12	6	10	8	12	26	16	6	12	10	4	0	8	12	0	20	4	6	26	12	6	2	4	2	4	18	
139044	AAL2_2331	7816	6	3162	218	476	12	7416	2	356	0	1126	0	0	0	2060	60	24	30	142	74	2	18	60	14	56	2	16	0	552	4	8	0	8588	0	32	80	0	6	4	0	22	4	16	4	48	16	32	2	74	0	100	4	126	0	228	0	64	0	44	0	7554	4	666	2	2092	0	3468	0	8	0	138	0	4	2	50	68	3774	14	498	16	60	62	3918	0	8370	0	3084	12	1646	0	128	12	544	0	12	4	10	8	2	2	6	0	12	2	4	0	6	8	4	0	2	0	14	6	2	0	8	0	4	6	
123460	AAL2_2332	0	1106	18	2274	4	214	6	6922	12	310	12	340	0	0	10	1586	8	26	4	210	0	14	14	90	8	126	12	66	0	282	2	48	6	7584	8	4	2	0	8	2	34	42	12	50	12	72	14	82	0	92	16	20	0	78	2	0	0	0	4	10	2	5982	12	2238	0	2326	0	8116	0	94	22	32	4	0	140	210	66	4494	24	110	316	50	2	2182	0	10102	10	2078	14	922	12	50	14	82	2	6	2	4	4	4	8	2	0	8	2	0	12	4	6	16	0	4	22	6	6	2	4	4	8	10	
473288	AAL2_2401	9570	224	57566	14776	1976	226	11790	90	5904	26	2420	10	2060	10	0	20632	146	156	2926	2272	30	128	190	150	130	106	40	16	604	40	4	2	5588	28	5584	4602	7506	4508	546	448	424	402	242	198	112	222	354	110	174	78	486	248	206	72	160	0	42	0	172	130	178	202	260	180	30	4	4	0	2	6	1880	866	8498	230	3952	2496	13362	796	1760	414	15924	5354	32	2	188	2	1104	120	382	6	248	158	260	16	592	368	416	340	618	588	428	156	598	578	172	2	544	306	470	552	106	62	1276	482	192	128	404	208	344	936	
647068	AAL2_2402	1212	4892	12034	71162	972	1872	2856	9348	2770	3194	624	480	60	1586	20632	0	192	202	3034	9996	30	150	198	216	162	152	62	70	194	160	0	66	1646	1692	7638	8042	6952	15840	592	1492	650	570	458	440	162	330	262	158	114	152	428	790	130	124	80	8	14	2	276	358	370	4326	590	462	22	296	8	292	0	114	3022	2508	8182	13022	3440	8386	3620	10108	1062	3664	4764	26848	26	28	22	252	468	498	258	668	202	296	236	242	1280	574	612	410	1016	1960	1680	402	1608	1388	338	2	852	860	616	788	188	120	3602	1692	520	490	868	988	1514	2886	
384464	AAL2_2501	64	50	1956	6920	418	82	8	54	80	22	158	22	24	8	146	192	0	14518	4264	5350	7008	13312	18550	7984	9796	1852	706	144	3768	168	14	12	1978	54	14930	10104	1746	1272	328	398	2618	1162	3830	722	3890	616	864	324	854	186	1942	332	976	90	1274	0	452	0	2078	238	88	30	200	66	74	4	2	2	2	12	554	616	50	18	15500	2764	2730	676	300	214	2006	880	28	2	116	8	3850	436	2390	26	3872	416	1116	20	74	26	46	28	164	64	180	62	76	60	42	0	160	62	130	48	34	22	272	134	104	14	30	78	120	226	
457300	AAL2_2502	128	66	1728	8082	414	142	8	56	120	24	130	132	30	26	156	202	14518	0	4166	8014	3818	22534	15340	23958	8452	6946	612	398	1002	2892	2	10	876	1102	8432	14812	1024	2162	260	688	1172	4262	1168	6248	1504	4266	412	562	422	324	990	838	606	220	928	2	414	2	1446	610	126	94	234	144	36	8	2	4	2	12	568	1054	78	36	10996	13268	1460	1714	386	560	1616	2376	32	4	124	24	1600	4406	868	38	1564	1828	424	42	86	52	50	44	202	166	168	80	98	92	42	2	224	104	194	74	56	26	370	184	112	18	48	110	154	308	
527212	AAL2_2601	362	28	53302	28198	8954	1036	2164	18	7800	70	734	6	142	4	2926	3034	4264	4166	0	22366	5534	6060	2916	3024	1990	378	684	62	222	54	4	0	2182	16	19696	21492	9068	5774	2664	1532	820	520	510	392	252	268	694	204	644	52	908	510	658	48	618	0	166	0	578	160	574	86	682	84	140	10	22	2	8	4	3756	1760	70	44	4010	1714	7626	1374	1430	602	2668	1098	280	2	96	6	346	150	422	22	322	206	392	14	62	42	42	46	196	118	172	52	84	78	24	0	142	76	284	76	62	24	350	124	130	20	52	60	104	236	
565548	AAL2_2602	184	426	15126	60396	3968	3054	288	4044	1674	4458	434	538	74	210	2272	9996	5350	8014	22366	0	2520	11094	5146	5326	3880	444	894	76	258	188	0	32	1504	1196	9760	25052	2062	6822	704	1880	800	840	528	548	514	526	460	268	414	238	730	842	706	210	744	20	250	2	884	252	268	1056	642	742	90	216	10	172	6	86	1164	1864	84	74	5468	6612	5858	8194	1400	2088	3004	2678	156	52	122	340	504	500	482	512	438	376	382	222	210	96	116	88	380	282	356	116	296	226	80	0	232	138	446	178	90	32	624	268	184	90	122	136	198	442	
142404	AAL2_2611	8	2	4266	5288	104	82	2	12	22	2	46	0	2	0	30	30	7008	3818	5534	2520	0	6382	5616	2956	2554	718	1936	62	150	60	2	0	100	8	8102	5154	248	276	34	58	200	146	168	146	258	98	98	18	98	16	168	62	94	10	126	0	42	0	226	24	8	8	28	12	6	2	0	0	0	0	68	76	16	4	2680	710	300	96	78	60	252	250	0	0	4	2	228	94	200	0	282	80	102	0	18	10	10	12	8	20	24	8	18	12	10	0	22	16	18	10	6	6	32	28	20	2	8	10	16	22	
524896	AAL2_2612	58	78	3034	23322	470	810	4	70	144	28	110	254	18	14	128	150	13312	22534	6060	11094	6382	0	14352	22934	8726	11534	2034	3044	472	1540	6	22	652	454	9546	14266	486	1042	310	450	886	4776	762	4354	964	3974	450	1106	358	634	756	1270	560	606	782	16	326	10	1158	1068	76	198	256	280	30	24	0	6	2	26	520	748	56	62	7608	17110	1354	8560	390	2438	1752	5438	22	4	96	28	828	3164	524	68	876	1926	340	78	70	42	30	40	180	158	226	128	84	86	32	0	142	68	156	56	44	30	302	268	210	16	40	68	100	224	
480488	AAL2_2701	98	60	4458	7608	462	82	28	54	80	20	1242	24	60	14	190	198	18550	15340	2916	5146	5616	14352	0	11886	25822	3560	4758	190	5154	554	18	8	2508	106	8546	6864	916	808	390	412	4314	2118	5554	1732	2726	1138	1638	526	1238	294	4470	500	1082	108	1698	2	750	0	4830	424	138	40	232	84	70	4	6	2	2	14	700	730	78	30	16440	3920	6688	796	808	354	3224	1340	50	0	392	10	5402	744	3718	34	5712	634	1130	22	96	36	42	28	144	98	296	78	98	88	44	0	130	64	116	72	48	24	250	140	134	16	40	70	98	206	
586064	AAL2_2702	96	198	1222	6532	176	314	8	88	102	76	180	1202	14	90	150	216	7984	23958	3024	5326	2956	22934	11886	0	5454	29410	698	3574	778	6158	6	70	674	1980	3934	6542	386	508	518	532	3522	10524	2286	11330	1354	7714	1140	4118	498	1380	1284	4082	654	1306	848	46	360	74	1712	3264	88	238	320	338	46	32	4	50	0	64	874	1138	74	64	9252	18208	1638	18242	440	2472	3468	5912	22	12	122	128	1448	9846	1042	212	1812	3428	724	82	118	54	56	60	244	254	300	144	126	114	46	2	210	136	166	116	56	44	378	258	214	26	52	116	156	296	
404096	AAL2_2801	86	32	6482	6294	846	56	26	48	60	12	4574	12	56	8	130	162	9796	8452	1990	3880	2554	8726	25822	5454	0	1432	10286	148	7216	72	38	6	3364	40	4030	4498	492	578	304	284	3936	1124	5564	586	2096	490	1744	364	1220	218	5548	294	1282	80	2086	0	858	0	5718	274	104	34	194	58	78	4	6	0	0	8	634	508	72	28	12554	2006	10650	528	1118	240	3222	976	40	0	606	18	5586	326	2862	46	4658	382	778	14	78	44	36	28	100	88	260	84	88	84	38	0	86	34	66	52	36	24	148	92	132	10	38	38	64	134	
448588	AAL2_2802	36	220	700	6230	126	598	10	92	96	86	134	1540	2	126	106	152	1852	6946	378	444	718	11534	3560	29410	1432	0	408	9412	118	7880	8	110	58	2530	964	740	132	142	520	420	3190	10066	1802	9516	602	6840	1230	6546	300	2932	794	5358	330	2984	208	80	58	146	710	3824	42	590	324	932	26	292	2	68	0	184	836	912	52	40	2290	13888	1016	25888	350	2860	3276	5728	12	60	12	202	468	8920	500	340	822	2636	582	180	92	36	34	36	170	234	250	124	90	80	28	0	108	88	68	82	14	36	190	194	178	20	32	64	78	152	
225584	AAL2_2811	16	16	13642	2784	6612	36	8	30	28	4	10374	4	16	12	40	62	706	612	684	894	1936	2034	4758	698	10286	408	0	88	2450	34	1572	2	1814	14	962	1060	46	94	160	96	2600	906	1872	434	364	206	2094	320	892	140	6278	244	550	54	1088	0	402	2	1898	270	22	8	86	32	60	2	2	0	0	4	414	438	50	10	5562	558	10476	270	912	146	2216	598	8	0	492	34	1322	182	682	70	1042	240	466	4	14	20	6	8	26	44	124	30	58	36	2	0	18	2	8	26	6	4	52	46	62	10	14	6	18	38	
151572	AAL2_2812	4	104	146	6324	22	3520	4	38	28	18	22	2200	0	66	16	70	144	398	62	76	62	3044	190	3574	148	9412	88	0	14	2562	0	930	4	1216	84	68	18	18	200	120	494	2414	246	1354	92	2510	336	2008	94	1430	128	1368	118	1440	56	36	16	26	112	774	4	372	118	392	10	102	0	26	0	50	228	158	6	24	416	6416	230	9128	96	1566	724	1538	4	28	0	84	80	2044	68	154	148	672	100	116	30	10	12	12	34	68	74	30	24	12	2	0	16	24	10	18	0	2	44	70	56	0	14	14	14	28	
224716	AAL2_2821	320	26	2304	428	1832	62	148	20	252	6	8128	6	552	0	604	194	3768	1002	222	258	150	472	5154	778	7216	118	2450	14	0	22	456	4	10948	12	898	428	168	112	156	96	2062	282	4378	180	3520	188	1240	64	776	54	3782	86	1672	42	3434	0	1658	0	1624	76	470	22	316	32	106	2	54	0	4	4	446	120	14	6	2436	760	7970	236	200	112	1054	544	280	0	1718	0	11916	104	2454	4	3976	124	692	6	62	38	36	28	82	32	138	66	74	64	34	0	62	32	44	28	18	18	90	50	70	12	32	22	48	94	
190228	AAL2_2822	34	144	114	1752	24	1372	4	112	40	230	16	5378	4	282	40	160	168	2892	54	188	60	1540	554	6158	72	7880	34	2562	22	0	2	528	14	8762	86	114	28	38	48	94	248	1390	118	4602	46	3574	254	2240	50	1906	154	1106	68	2012	56	68	14	118	56	824	36	496	60	510	4	134	0	164	0	88	128	310	40	12	498	2212	202	8756	144	792	1014	846	4	96	2	800	38	13044	42	892	66	1452	56	280	66	60	48	58	60	98	84	58	56	70	14	0	56	76	32	44	10	30	88	78	68	10	44	40	48	92	
29036	AAL2_2831	4	0	2686	2	3250	0	0	2	32	0	2388	0	8	2	4	0	14	2	4	0	2	6	18	6	38	8	1572	0	456	2	0	0	400	0	2	0	0	0	18	12	76	62	32	30	18	6	310	24	140	14	736	24	112	2	274	0	132	0	96	20	10	0	10	2	8	0	0	0	0	0	22	46	0	0	20	6	896	4	10	0	16	12	8	0	32	0	216	10	44	2	36	14	24	0	0	0	0	0	2	0	6	0	12	0	0	0	0	0	0	0	0	0	2	0	0	2	0	0	0	0	
23276	AAL2_2832	0	34	4	552	0	948	0	30	0	66	2	2544	0	48	2	66	12	10	0	32	0	22	8	70	6	110	2	930	4	528	0	0	2	574	2	0	2	2	0	0	16	104	10	74	2	110	44	446	0	424	2	224	2	422	6	14	0	4	0	154	0	108	0	68	4	24	0	42	0	6	0	0	0	2	38	490	10	1388	2	244	52	20	0	14	0	70	2	198	0	98	0	4	0	42	2	2	2	2	0	16	0	0	2	2	2	0	0	2	0	4	2	2	0	0	0	0	0	0	0	2	
443612	AAL2_3001	2842	24	15750	3808	6906	508	4932	96	9954	24	18386	8	8588	6	5588	1646	1978	876	2182	1504	100	652	2508	674	3364	58	1814	4	10948	14	400	2	0	20	788	1526	170	260	104	66	634	284	1190	106	1474	136	1944	82	1936	50	5288	86	3910	34	5984	0	2378	0	2928	78	3766	54	1724	62	470	10	650	0	36	4	1012	138	26	28	1854	1492	28994	382	584	176	620	1238	3848	8	9650	6	15420	80	4364	24	3750	110	2246	12	64	26	38	32	68	74	86	18	86	32	20	2	70	54	54	56	20	6	172	84	32	12	42	40	52	128	
272800	AAL2_3002	4	2374	46	4584	2	1518	8	4296	48	3748	8	7112	0	7584	28	1692	54	1102	16	1196	8	454	106	1980	40	2530	14	1216	12	8762	0	574	20	0	30	66	6	10	34	24	114	244	38	908	30	928	232	3930	34	3720	70	1084	30	3912	22	166	8	216	38	636	4	5016	16	1354	0	540	0	2560	0	248	62	242	14	80	318	1686	98	22962	48	266	470	212	0	2484	0	11150	24	12028	28	4224	40	1196	34	920	32	16	30	20	18	16	26	6	28	14	10	0	20	28	14	14	4	8	22	8	14	6	22	12	6	16	
475064	AAL2_4001	118	12	17748	18332	1444	162	978	32	730	12	134	6	32	8	5584	7638	14930	8432	19696	9760	8102	9546	8546	3934	4030	964	962	84	898	86	2	2	788	30	0	25404	19130	5654	5076	1450	844	460	1174	378	848	320	1066	280	668	68	1100	346	360	44	434	2	160	0	892	128	52	54	274	66	14	4	0	0	0	2	6522	1852	64	60	8636	2114	1040	460	238	158	832	584	26	2	38	8	998	230	490	16	834	234	272	8	44	10	28	16	76	40	96	16	44	26	36	0	104	44	90	22	28	6	168	60	72	12	18	44	76	126	
558724	AAL2_4002	128	24	20236	34222	4192	398	1002	32	1976	30	364	18	80	4	4602	8042	10104	14812	21492	25052	5154	14266	6864	6542	4498	740	1060	68	428	114	0	0	1526	66	25404	0	5058	14398	1122	3956	438	1120	470	1126	752	678	314	170	500	72	638	1192	744	48	842	4	300	0	1034	266	200	88	608	70	60	10	8	0	6	6	1726	3782	56	102	6324	4458	3590	618	674	266	1286	1168	148	4	144	6	722	426	460	24	640	424	334	26	58	26	36	24	140	70	72	28	66	40	40	0	144	54	230	54	50	12	318	104	104	18	34	68	98	228	
263060	AAL2_4011	50	282	9254	4178	428	108	16	6	72	0	36	2	0	2	7506	6952	1746	1024	9068	2062	248	486	916	386	492	132	46	18	168	28	0	2	170	6	19130	5058	0	11368	9104	2268	716	320	682	270	272	128	1318	624	832	40	1042	314	142	22	146	0	44	0	414	90	18	366	474	120	2	0	0	0	0	0	14638	4230	2972	1352	2126	778	326	176	48	108	602	970	10	0	8	2	284	78	100	0	276	104	112	2	20	20	10	16	34	66	70	22	22	68	6	0	30	24	22	48	10	8	162	52	58	14	22	20	60	130	
307408	AAL2_4012	134	46	3754	10462	778	86	140	2	360	6	44	6	6	0	4508	15840	1272	2162	5774	6822	276	1042	808	508	578	142	94	18	112	38	0	2	260	10	5654	14398	11368	0	4722	8802	316	1182	266	934	154	280	384	552	360	38	452	2052	240	18	222	0	62	0	326	244	136	2416	1468	84	10	6	0	0	0	4	9366	13316	2982	4164	2456	1236	868	210	100	124	1534	1532	30	6	24	0	206	190	122	8	180	272	114	6	24	20	18	24	108	116	42	26	18	52	12	0	76	48	36	30	10	6	222	66	122	12	24	48	78	180	
580184	AAL2_4021	14	30	3340	1250	372	144	6	28	40	34	152	8	4	8	546	592	328	260	2664	704	34	310	390	518	304	520	160	200	156	48	18	0	104	34	5076	1122	9104	4722	0	30044	11882	9314	7192	708	1182	716	16870	9974	15344	13688	9428	1156	14602	9054	558	32	38	4	1190	436	16	68	9598	7998	86	18	0	0	0	982	40710	25822	52	128	1086	958	1404	1002	406	698	2772	1888	6	0	76	20	998	330	524	114	1390	484	742	68	58	112	24	92	156	240	656	124	76	174	16	0	50	82	50	80	18	48	84	238	278	34	54	34	26	88	
497348	AAL2_4022	14	28	924	2792	190	106	6	8	22	26	84	6	0	2	448	1492	398	688	1532	1880	58	450	412	532	284	420	96	120	96	94	12	0	66	24	1450	3956	2268	8802	30044	0	5152	11808	1368	5388	554	830	10152	9256	10938	13790	2508	6290	11222	8894	594	24	80	6	544	1274	12	34	7676	7398	16	16	0	0	0	878	24154	35098	130	38	668	858	964	620	304	424	1348	1844	4	0	14	20	384	454	412	90	716	760	466	58	40	88	14	72	106	218	364	140	62	148	14	0	46	60	32	64	12	38	64	188	348	34	48	24	22	68	
831016	AAL2_4101	1528	216	4792	2762	1434	684	14	134	136	50	1958	48	22	34	424	650	2618	1172	820	800	200	886	4314	3522	3936	3190	2600	494	2062	248	76	16	634	114	844	438	716	316	11882	5152	0	26178	32840	7300	12110	2518	14190	14606	4956	8742	17802	3926	4954	1416	1586	6	258	4	11730	3622	1790	170	2014	466	292	6	0	0	2	136	20414	16012	1746	184	16182	5014	8284	5232	2742	1438	30916	8656	10	2	118	114	9598	1776	9206	362	15930	3110	12338	154	434	276	154	194	938	434	2158	580	512	574	80	2	274	190	256	264	108	144	566	454	788	86	144	190	182	432	
930596	AAL2_4102	192	356	2202	7876	702	1934	26	124	294	178	992	214	4	42	402	570	1162	4262	520	840	146	4776	2118	10524	1124	10066	906	2414	282	1390	62	104	284	244	460	1120	320	1182	9314	11808	26178	0	7280	38026	1720	17540	12736	21662	3764	13920	7992	14586	3778	3268	886	788	148	40	2278	17776	170	392	1018	1584	84	20	2	10	2	238	16346	28046	282	140	5134	19278	5024	15416	1184	4782	11996	28128	40	6	32	200	1164	9494	2148	1280	2282	16614	2576	1388	378	338	170	264	770	1808	1174	940	424	726	114	4	436	422	298	324	126	168	638	794	1096	168	282	306	240	488	
625464	AAL2_4111	138	124	2656	1536	908	320	10	72	92	20	1676	18	16	12	242	458	3830	1168	510	528	168	762	5554	2286	5564	1802	1872	246	4378	118	32	10	1190	38	1174	470	682	266	7192	1368	32840	7280	0	3928	12950	1136	8800	2404	6294	1468	21098	1824	4626	400	2090	4	476	2	21940	2352	184	128	2236	252	310	2	0	0	22	46	11646	2916	128	120	8698	2624	5518	2624	1198	580	13972	5378	10	0	348	54	13282	840	4190	210	11184	1378	7658	134	4148	820	1344	484	968	412	7400	1988	4832	1756	1654	10	728	348	462	216	636	332	412	368	2200	456	740	192	164	374	
650476	AAL2_4112	114	280	1064	4322	324	922	14	124	104	46	454	238	4	50	198	440	722	6248	392	548	146	4354	1732	11330	586	9516	434	1354	180	4602	30	74	106	908	378	1126	270	934	708	5388	7300	38026	3928	0	1056	19174	1164	9214	518	6578	2450	15684	406	4042	284	2404	80	280	1258	25544	118	290	294	1334	24	20	2	8	0	134	2544	13332	154	116	1902	10936	2076	9678	646	4398	6152	15252	6	4	18	394	668	15814	774	2096	1068	15836	984	2232	362	512	158	364	546	3098	1156	2216	506	1048	118	4	340	370	194	346	120	228	416	762	1380	308	338	254	182	454	
255716	AAL2_4201	38	58	888	802	192	164	16	68	42	22	304	6	48	12	112	162	3890	1504	252	514	258	964	2726	1354	2096	602	364	92	3520	46	18	2	1474	30	848	752	272	154	1182	554	12110	1720	12950	1056	0	710	1138	440	756	338	2350	330	940	280	1018	4	294	4	1738	352	76	64	564	218	178	2	4	0	0	54	1848	728	60	54	6772	1864	2922	1010	1678	548	7962	2300	22	0	100	4	14810	416	1450	42	11338	586	1562	24	136	102	54	62	302	122	514	192	162	192	42	0	146	70	162	86	44	34	310	186	246	34	60	70	114	226	
458632	AAL2_4202	120	166	686	5720	142	1456	22	228	224	152	150	308	16	72	222	330	616	4266	268	526	98	3974	1138	7714	490	6840	206	2510	188	3574	6	110	136	928	320	678	128	280	716	830	2518	17540	1136	19174	710	0	948	1984	524	1138	980	3294	708	1060	442	38	78	22	576	7524	100	278	568	586	76	14	0	8	2	76	1132	1762	238	114	3174	13646	1802	11430	1294	10248	7108	10996	10	4	10	44	560	21742	484	90	932	23284	582	222	286	296	164	226	400	1334	696	684	280	636	74	0	326	320	182	298	68	112	562	624	820	116	242	234	250	522	
636824	AAL2_5001	50	44	4686	1312	2822	350	20	84	182	70	3442	200	32	14	354	262	864	412	694	460	98	450	1638	1140	1744	1230	2094	336	1240	254	310	44	1944	232	1066	314	1318	384	16870	10152	14190	12736	8800	1164	1138	948	0	17872	21186	11466	32642	5918	13646	3026	5494	16	2662	18	5158	2766	62	92	1798	562	38	6	0	0	2	100	28330	15340	56	138	4254	2426	8866	2898	1002	1306	6868	2456	22	4	1730	584	2752	1164	2638	960	2056	1568	1594	178	144	144	68	126	430	318	1526	356	636	282	24	4	114	160	120	118	46	102	252	352	686	62	108	78	68	180	
768836	AAL2_5002	20	58	732	4024	234	1460	4	208	80	368	314	1732	2	82	110	158	324	562	204	268	18	1106	526	4118	364	6546	320	2008	64	2240	24	446	82	3930	280	170	624	552	9974	9256	14606	21662	2404	9214	440	1984	17872	0	4358	44356	5394	37278	3976	19936	646	1874	82	1842	704	15882	24	108	308	744	24	14	0	16	0	38	16552	28620	30	28	1510	6578	1798	17676	424	7104	3034	3382	8	12	10	5178	274	6816	924	7394	570	5880	1038	3838	124	186	78	146	276	976	558	670	150	384	28	4	188	294	80	158	32	80	182	390	690	86	136	176	96	194	
462172	AAL2_5011	40	36	3280	734	1936	114	20	18	322	14	1806	6	74	0	174	114	854	422	644	414	98	358	1238	498	1220	300	892	94	776	50	140	0	1936	34	668	500	832	360	15344	10938	4956	3764	6294	518	756	524	21186	4358	0	6888	11340	680	30960	4822	4818	14	494	4	6044	398	108	42	7050	3144	172	2	2	0	34	352	19336	9174	34	30	1940	878	6152	620	586	332	4046	1492	30	2	3168	14	3008	278	3766	72	1266	378	2388	64	224	142	84	96	460	184	1098	220	454	234	48	4	120	110	136	46	62	50	136	274	376	98	132	64	56	102	
658172	AAL2_5012	6	42	324	2738	122	1136	0	152	40	386	152	1650	0	92	78	152	186	324	52	238	16	634	294	1380	218	2932	140	1430	54	1906	14	424	50	3720	68	72	40	38	13688	13790	8742	13920	1468	6578	338	1138	11466	44356	6888	0	3508	12700	6676	39264	536	4486	54	1126	410	10200	26	118	1484	5684	14	50	0	28	0	1478	15190	26818	24	22	762	3584	1070	9382	308	4082	1666	2958	2	20	10	4840	226	5368	564	5396	432	3612	602	4466	116	222	72	140	252	840	490	676	186	522	38	4	184	270	74	132	42	76	176	360	512	184	148	170	88	194	
849884	AAL2_5021	72	82	11004	1230	7364	256	30	92	256	26	10382	22	100	16	486	428	1942	990	908	730	168	756	4470	1284	5548	794	6278	128	3782	154	736	2	5288	70	1100	638	1042	452	9428	2508	17802	7992	21098	2450	2350	980	32642	5394	11340	3508	0	6254	6638	728	14628	8	7600	16	26412	5776	150	162	2124	262	84	4	6	0	6	38	20276	6722	126	214	8182	2590	21862	1368	1624	770	10886	3764	58	0	2618	82	4768	788	5584	204	3844	1268	4736	312	958	784	226	364	598	472	14176	6050	12288	8946	1102	34	726	752	616	428	1054	1504	376	382	7538	4450	358	170	150	300	
752564	AAL2_5022	50	138	756	4464	178	1082	14	88	72	178	214	734	4	20	248	790	332	838	510	842	62	1270	500	4082	294	5358	244	1368	86	1106	24	224	86	1084	346	1192	314	2052	1156	6290	3926	14586	1824	15684	330	3294	5918	37278	680	12700	6254	0	416	5908	238	1696	42	2970	4922	35154	70	216	546	1024	16	6	0	2	2	60	2854	13858	110	92	1498	6624	1226	12516	398	4828	3244	7492	8	8	20	2650	248	5270	680	5498	468	6604	918	2608	1132	3008	322	1460	820	3896	11064	12140	10040	19788	1328	46	1348	1798	644	1130	982	4164	482	1774	12464	10174	838	466	288	514	
532852	AAL2_5101	62	42	4950	1136	3170	128	42	20	592	20	2348	2	126	0	206	130	976	606	658	706	94	560	1082	654	1282	330	550	118	1672	68	112	2	3910	30	360	744	142	240	14602	11222	4954	3778	4626	406	940	708	13646	3976	30960	6676	6638	416	0	4462	20148	20	4258	4	8366	258	168	70	12424	3902	1988	10	6	0	60	380	18214	8922	34	44	2282	1170	10806	786	1496	630	4602	1828	50	2	4988	12	4898	362	5810	72	1792	500	3730	66	258	162	88	102	492	188	918	212	716	244	56	4	142	114	156	50	68	44	192	342	300	98	148	66	78	150	
507376	AAL2_5102	4	38	200	2770	48	1130	0	142	56	382	50	1666	0	78	72	124	90	220	48	210	10	606	108	1306	80	2984	54	1440	42	2012	2	422	34	3912	44	48	22	18	9054	8894	1416	3268	400	4042	280	1060	3026	19936	4822	39264	728	5908	4462	0	254	15872	20	3940	144	13608	28	106	1420	10130	62	288	0	28	0	7840	5986	10792	24	20	534	3324	704	9706	286	3956	1276	2360	2	34	10	5042	194	5468	308	7228	484	3486	294	5668	102	208	68	128	162	696	456	596	178	626	42	4	186	270	64	118	34	72	166	314	398	272	142	172	82	174	
511968	AAL2_5201	80	30	5564	824	4112	72	50	16	512	6	4448	14	228	2	160	80	1274	928	618	744	126	782	1698	848	2086	208	1088	56	3434	56	274	6	5984	22	434	842	146	222	558	594	1586	886	2090	284	1018	442	5494	646	4818	536	14628	238	20148	254	0	2	16804	0	14542	186	274	58	9838	254	20850	2	20	0	12370	50	2604	794	20	16	2526	816	13488	448	1644	512	2630	746	1002	0	7618	10	5732	282	27620	16	2496	356	13062	32	276	82	72	62	380	106	590	132	876	156	30	0	82	86	120	24	38	40	122	166	180	76	102	40	34	98	
154936	AAL2_5202	0	6	2	108	0	52	0	4	6	8	0	52	0	0	0	8	0	2	0	20	0	16	2	46	0	80	0	36	0	68	0	14	0	166	2	4	0	0	32	24	6	788	4	2404	4	38	16	1874	14	4486	8	1696	20	15872	2	0	0	5876	8	9520	0	44	16	3608	0	1720	0	2	0	9312	20	578	0	0	14	106	16	304	8	32	16	18	0	4	0	286	2	416	2	9708	6	800	4	6490	6	16	4	0	6	66	14	138	14	142	6	0	4	0	2	0	4	6	0	6	18	84	6	0	0	0	
168764	AAL2_5301	172	2	1558	216	1272	8	26	6	140	4	1876	6	64	0	42	14	452	414	166	250	42	326	750	360	858	58	402	16	1658	14	132	0	2378	8	160	300	44	62	38	80	258	148	476	80	294	78	2662	82	494	54	7600	42	4258	20	16804	0	0	0	8886	34	560	2	632	8	996	0	10	0	702	0	144	86	2	0	864	190	4104	86	222	84	228	94	30	0	1632	4	1840	56	6308	6	682	62	7590	2	108	10	4	8	10	12	50	12	182	16	2	0	4	10	6	4	6	8	8	12	18	6	6	2	4	4	
56724	AAL2_5302	0	4	2	30	2	8	0	2	0	0	2	26	0	0	0	2	0	2	0	2	0	10	0	74	0	146	2	26	0	118	0	4	0	216	0	0	0	0	4	6	4	40	2	280	4	22	18	1842	4	1126	16	2970	4	3940	0	5876	0	0	26	6150	0	28	0	162	0	26	0	0	0	146	6	66	0	0	4	42	6	336	2	44	10	8	0	0	0	296	4	346	2	746	6	264	4	2318	4	82	2	8	2	6	20	28	34	154	10	0	8	2	4	2	6	14	0	2	10	74	6	0	0	0	
743004	AAL2_5401	94	66	2154	1216	1096	162	14	34	118	12	2066	8	44	4	172	276	2078	1446	578	884	226	1158	4830	1712	5718	710	1898	112	1624	56	96	0	2928	38	892	1034	414	326	1190	544	11730	2278	21940	1258	1738	576	5158	704	6044	410	26412	4922	8366	144	14542	8	8886	26	0	6730	508	118	1408	198	726	2	8	0	388	6	2296	938	120	74	6294	1470	6874	1186	720	360	6120	2016	28	0	1986	20	3212	344	9888	44	8096	538	21500	940	10638	3102	968	1064	756	708	17300	5574	34768	13794	5734	44	2928	1068	1762	596	3542	1538	344	368	5996	14194	5454	336	254	346	
814080	AAL2_5402	64	120	660	2768	240	716	4	54	50	72	336	510	0	10	130	358	238	610	160	252	24	1068	424	3264	274	3824	270	774	76	824	20	154	78	636	128	266	90	244	436	1274	3622	17776	2352	25544	352	7524	2766	15882	398	10200	5776	35154	258	13608	186	9520	34	6150	6730	0	66	234	298	1096	24	128	0	2	0	634	1240	4602	106	60	1120	4978	1272	7266	378	2834	2906	7928	8	6	14	2424	254	8616	382	7632	446	15326	714	16376	1442	9196	386	3128	684	2594	12048	14202	13850	33074	1948	82	1552	1616	802	1048	1306	4140	218	494	9900	15534	2396	266	136	296	
371540	AAL2_6001	26534	112	1814	622	954	18	2278	8	256	2	798	0	7554	2	178	370	88	126	574	268	8	76	138	88	104	42	22	4	470	36	10	0	3766	4	52	200	18	136	16	12	1790	170	184	118	76	100	62	24	108	26	150	70	168	28	274	0	560	0	508	66	0	100	23614	70	18866	2	9808	0	2492	2	3066	210	9262	124	3326	470	12748	202	5902	100	11478	660	1136	0	3872	2	1202	86	8346	4	232	70	5198	8	716	112	504	124	2694	94	428	108	788	204	136	2	612	166	1144	132	136	40	1036	128	140	64	256	176	292	640	
419364	AAL2_6002	46	22574	180	3388	28	2754	16	898	64	774	22	772	4	5982	202	4326	30	94	86	1056	8	198	40	238	34	590	8	372	22	496	0	108	54	5016	54	88	366	2416	68	34	170	392	128	290	64	278	92	108	42	118	162	216	70	106	58	44	2	28	118	234	100	0	436	29312	16	18528	0	10744	0	1994	2574	5902	738	6238	894	3018	328	13288	102	2056	1810	14472	6	1696	4	9386	70	792	34	6676	50	352	46	2308	406	728	420	492	598	2744	350	228	428	1300	154	22	850	1008	188	652	104	228	2300	1420	282	220	1078	1010	904	1372	
550712	AAL2_6101	878	128	2198	1438	1116	154	318	54	334	20	446	8	666	12	260	590	200	234	682	642	28	256	232	320	194	324	86	118	316	60	10	0	1724	16	274	608	474	1468	9598	7676	2014	1018	2236	294	564	568	1798	308	7050	1484	2124	546	12424	1420	9838	16	632	0	1408	298	23614	436	0	5422	12954	8	292	0	7098	174	38366	12094	474	262	2618	1848	9440	976	4076	2296	17772	4222	1272	2	4036	18	1860	306	11440	48	1076	468	6076	54	1390	408	756	316	4972	746	1642	520	1670	794	256	4	1184	480	1654	310	294	134	1752	882	672	242	626	466	562	1326	
500844	AAL2_6102	32	4288	246	2636	48	920	16	1358	82	450	44	514	2	2238	180	462	66	144	84	742	12	280	84	338	58	932	32	392	32	510	2	68	62	1354	66	70	120	84	7998	7398	466	1584	252	1334	218	586	562	744	3144	5684	262	1024	3902	10130	254	3608	8	162	198	1096	70	29312	5422	0	50	23630	0	4530	0	8802	7280	24780	112	362	666	2686	676	6714	258	3526	2342	10400	4	4220	6	13034	166	1168	232	8524	380	1078	242	2884	386	860	216	486	696	2064	660	542	482	1488	220	12	1030	1090	232	484	146	196	908	1096	548	284	820	908	508	842	
298608	AAL2_6201	8926	6	904	156	602	26	810	0	128	2	228	6	2092	0	30	22	74	36	140	90	6	30	70	46	78	26	60	10	106	4	8	4	470	0	14	60	2	10	86	16	292	84	310	24	178	76	38	24	172	14	84	16	1988	62	20850	0	996	0	726	24	18866	16	12954	50	0	2	17342	0	22242	34	1214	36	6	6	216	190	1658	80	340	72	1052	226	824	0	5878	0	1198	30	16596	2	398	66	5052	4	114	24	36	18	208	34	178	34	144	38	14	0	32	26	72	6	10	4	56	88	56	10	42	20	10	38	
226728	AAL2_6202	4	8458	8	1008	0	1024	6	2228	24	304	6	198	0	2326	4	296	4	8	10	216	2	24	4	32	4	292	2	102	2	134	0	24	10	540	4	10	0	6	18	16	6	20	2	20	2	14	6	14	2	50	4	6	10	288	2	1720	0	26	2	128	2	18528	8	23630	2	0	0	10460	0	17628	22	28	2	4	34	430	10	1920	2	98	36	18	0	1540	0	5884	2	332	2	9418	8	156	4	3438	0	0	0	0	2	0	2	4	2	4	2	0	0	0	4	4	2	0	4	2	4	0	0	0	0	2	
109660	AAL2_6211	5658	0	130	22	96	2	1034	0	20	0	76	0	3468	0	4	8	2	2	22	10	0	0	6	4	6	2	2	0	54	0	0	0	650	0	0	8	0	0	0	0	0	2	0	2	4	0	0	0	2	0	6	0	6	0	20	0	10	0	8	0	9808	0	292	0	17342	0	0	0	3368	0	102	0	0	0	6	4	442	2	44	4	0	2	286	0	6828	0	166	0	4658	0	14	0	82	0	2	0	0	0	2	0	0	0	2	0	0	0	4	4	0	0	0	0	4	4	0	0	0	4	4	4	
136116	AAL2_6212	0	1678	0	710	0	268	0	3332	0	642	0	214	0	8116	0	292	2	4	2	172	0	6	2	50	0	68	0	26	0	164	0	42	0	2560	0	0	0	0	0	0	0	10	0	8	0	8	0	16	0	28	0	2	0	28	0	2	0	0	0	2	0	10744	0	4530	0	10460	0	0	0	1822	0	24	2	0	12	212	2	2280	2	30	12	6	0	542	0	9604	0	532	0	7862	0	8	0	888	0	0	0	0	2	0	0	0	0	0	0	0	2	2	0	4	0	0	6	2	0	0	0	2	4	6	
155208	AAL2_6221	1204	0	48	8	130	0	6	0	6	0	14	0	8	0	2	0	2	2	8	6	0	2	2	0	0	0	0	0	4	0	0	0	36	0	0	6	0	0	0	0	2	2	22	0	0	2	2	0	34	0	6	2	60	0	12370	0	702	0	388	0	2492	0	7098	0	22242	0	3368	0	0	0	84	0	0	0	2	2	80	4	14	4	4	4	52	0	1080	0	78	0	18984	0	14	0	6886	0	10	0	2	0	2	0	2	0	6	0	0	0	0	0	2	0	0	0	0	0	2	0	0	0	0	0	
189708	AAL2_6222	2	2036	18	484	2	422	2	106	14	70	2	90	0	94	6	114	12	12	4	86	0	26	14	64	8	184	4	50	4	88	0	6	4	248	2	6	0	4	982	878	136	238	46	134	54	76	100	38	352	1478	38	60	380	7840	50	9312	0	146	6	634	2	1994	174	8802	34	17628	0	1822	0	0	290	1186	2	2	86	256	136	844	36	126	264	110	0	638	0	4990	36	258	70	19280	110	412	60	7600	4	14	2	4	6	18	72	20	8	30	6	0	12	12	4	12	4	8	12	24	22	12	6	10	6	12	
1.00763e+06	AAL2_6301	106	158	6052	2516	922	372	60	126	258	40	486	16	138	22	1880	3022	554	568	3756	1164	68	520	700	874	634	836	414	228	446	128	22	0	1012	62	6522	1726	14638	9366	40710	24154	20414	16346	11646	2544	1848	1132	28330	16552	19336	15190	20276	2854	18214	5986	2604	20	144	6	2296	1240	3066	2574	38366	7280	1214	22	102	0	84	290	0	41446	6116	2188	8290	3928	4574	1808	1310	1720	23762	7842	356	2	1214	36	2288	634	2242	102	1998	1054	1774	84	994	396	552	322	4774	868	1648	472	1202	712	238	2	1428	462	1168	590	294	162	2320	794	716	212	580	474	776	1638	
882008	AAL2_6302	54	272	1886	3806	454	264	18	42	84	28	470	42	0	32	866	2508	616	1054	1760	1864	76	748	730	1138	508	912	438	158	120	310	46	0	138	242	1852	3782	4230	13316	25822	35098	16012	28046	2916	13332	728	1762	15340	28620	9174	26818	6722	13858	8922	10792	794	578	86	66	938	4602	210	5902	12094	24780	36	28	0	24	0	1186	41446	0	546	1696	2030	3434	2394	1566	472	1982	5730	13230	4	4	16	610	482	1474	808	832	854	2770	922	500	362	690	214	412	1098	2346	908	656	456	1186	174	8	846	788	250	520	122	176	852	1276	892	222	660	706	450	782	
223240	AAL2_6401	6018	590	534	992	62	74	6	18	14	6	18	2	4	4	8498	8182	50	78	70	84	16	56	78	74	72	52	50	6	14	40	0	0	26	14	64	56	2972	2982	52	130	1746	282	128	154	60	238	56	30	34	24	126	110	34	24	20	0	2	0	120	106	9262	738	474	112	6	2	0	2	0	2	6116	546	0	2364	10862	2404	1132	356	1300	226	20528	3558	2	2	0	2	56	132	26	6	80	182	50	18	834	304	562	290	1940	284	584	182	874	548	212	2	1002	364	768	790	212	96	2104	424	236	164	464	258	630	1594	
133052	AAL2_6402	34	4544	114	560	16	44	6	6	24	4	14	4	2	0	230	13022	18	36	44	74	4	62	30	64	28	40	10	24	6	12	0	2	28	80	60	102	1352	4164	128	38	184	140	120	116	54	114	138	28	30	22	214	92	44	20	16	0	0	0	74	60	124	6238	262	362	6	4	0	0	0	2	2188	1696	2364	0	1548	2976	200	528	58	236	1574	8930	4	4	2	4	66	68	36	18	80	120	48	10	162	250	150	160	264	1242	130	68	154	552	86	4	370	442	108	266	44	58	1784	808	78	88	362	512	818	1314	
902292	AAL2_7001	1182	376	15972	8008	2336	1904	56	722	1210	192	1692	120	50	140	3952	3440	15500	10996	4010	5468	2680	7608	16440	9252	12554	2290	5562	416	2436	498	20	38	1854	318	8636	6324	2126	2456	1086	668	16182	5134	8698	1902	6772	3174	4254	1510	1940	762	8182	1498	2282	534	2526	14	864	4	6294	1120	3326	894	2618	666	216	34	6	12	2	86	8290	2030	10862	1548	0	19056	17786	5606	7432	2676	55660	15798	54	22	240	56	6296	2234	5386	166	8534	2592	4730	112	902	324	566	338	3450	1210	1452	302	962	652	346	4	2438	790	1748	1148	466	210	5428	1568	646	164	506	802	1674	3790	
1.01514e+06	AAL2_7002	300	2590	4374	36478	866	7836	420	404	1968	1492	706	2058	68	210	2496	8386	2764	13268	1714	6612	710	17110	3920	18208	2006	13888	558	6416	760	2212	6	490	1492	1686	2114	4458	778	1236	958	858	5014	19278	2624	10936	1864	13646	2426	6578	878	3584	2590	6624	1170	3324	816	106	190	42	1470	4978	470	3018	1848	2686	190	430	4	212	2	256	3928	3434	2404	2976	19056	0	9644	37602	2960	15268	16860	54536	170	116	80	366	1940	9514	1494	684	2122	8086	1386	478	632	426	484	352	1810	1854	1138	624	682	1108	282	4	1782	1398	1554	2014	338	240	7174	4266	1022	246	732	1852	2656	5666	
1.05968e+06	AAL2_7011	10876	178	51798	10956	20056	1586	1328	314	3700	150	23038	40	3774	66	13362	3620	2730	1460	7626	5858	300	1354	6688	1638	10650	1016	10476	230	7970	202	896	10	28994	98	1040	3590	326	868	1404	964	8284	5024	5518	2076	2922	1802	8866	1798	6152	1070	21862	1226	10806	704	13488	16	4104	6	6874	1272	12748	328	9440	676	1658	10	442	2	80	136	4574	2394	1132	200	17786	9644	0	3922	23616	2376	23040	8910	3198	4	4966	70	10502	1188	8174	164	6902	1730	6126	82	738	294	450	274	1728	796	1328	352	890	560	246	0	924	454	1856	624	310	122	2306	620	564	130	354	428	670	1500	
983084	AAL2_7012	356	10682	2448	42328	576	8980	98	2056	854	4020	288	8384	14	4494	796	10108	676	1714	1374	8194	96	8560	796	18242	528	25888	270	9128	236	8756	4	1388	382	22962	460	618	176	210	1002	620	5232	15416	2624	9678	1010	11430	2898	17676	620	9382	1368	12516	786	9706	448	304	86	336	1186	7266	202	13288	976	6714	80	1920	2	2280	4	844	1808	1566	356	528	5606	37602	3922	0	1908	19730	8790	14652	68	1062	26	5608	768	14630	906	5048	1386	4812	1066	2152	1032	256	380	242	792	900	1604	472	1250	590	196	0	366	304	334	390	112	106	606	402	600	270	368	206	202	522	
270736	AAL2_7021	6332	160	7478	2934	1106	352	96	102	168	48	608	10	498	24	1760	1062	300	386	1430	1400	78	390	808	440	1118	350	912	96	200	144	10	2	584	48	238	674	48	100	406	304	2742	1184	1198	646	1678	1294	1002	424	586	308	1624	398	1496	286	1644	8	222	2	720	378	5902	102	4076	258	340	2	44	2	14	36	1310	472	1300	58	7432	2960	23616	1908	0	2016	10328	2686	102	0	374	14	1132	792	1640	22	2696	1004	1772	40	410	160	258	130	1028	390	616	192	514	360	118	0	520	210	1132	212	140	46	1234	282	260	88	174	196	384	820	
401104	AAL2_7022	202	5088	1192	12736	342	1964	22	346	244	492	116	674	16	110	414	3664	214	560	602	2088	60	2438	354	2472	240	2860	146	1566	112	792	0	244	176	266	158	266	108	124	698	424	1438	4782	580	4398	548	10248	1306	7104	332	4082	770	4828	630	3956	512	32	84	44	360	2834	100	2056	2296	3526	72	98	4	30	4	126	1720	1982	226	236	2676	15268	2376	19730	2016	0	5438	10746	28	16	22	112	370	6392	440	98	728	9204	544	214	526	528	272	342	884	1718	1126	800	636	1102	156	6	566	500	592	958	128	152	1630	1080	940	236	438	420	450	2014	
1.17644e+06	AAL2_7101	6360	628	19142	8568	2002	2384	74	1332	1218	276	826	200	60	316	15924	4764	2006	1616	2668	3004	252	1752	3224	3468	3222	3276	2216	724	1054	1014	16	52	620	470	832	1286	602	1534	2772	1348	30916	11996	13972	6152	7962	7108	6868	3034	4046	1666	10886	3244	4602	1276	2630	16	228	10	6120	2906	11478	1810	17772	2342	1052	36	0	12	4	264	23762	5730	20528	1574	55660	16860	23040	8790	10328	5438	0	24584	42	20	96	88	5876	4702	5622	254	9834	6022	7142	228	4164	1210	2502	1274	14156	2502	7390	1660	4612	2322	1076	14	5176	1936	5050	2534	1266	600	8824	3728	2964	650	1964	1872	2798	6244	
