# transform file /media/arevell/sharedSSD/linux/revellLab/tools/mniTemplate/freesurfer/mri/transforms/cc_up.lta
# created by arevell on Thu Mar 25 00:53:45 2021

type      = 0 # LINEAR_VOX_TO_VOX
nxforms   = 1
mean      = 126.0000 142.0000 129.0000
sigma     = 10000.0000
1 4 4
9.999029040336609e-01 1.314471103250980e-02 -4.628706723451614e-03 1.013458609580994e+00 
-1.314457040280104e-02 9.999135732650757e-01 6.084826964070089e-05 9.658974647521973e+00 
4.629107192158699e-03 0.000000000000000e+00 9.999893307685852e-01 2.418069601058960e+00 
0.000000000000000e+00 0.000000000000000e+00 0.000000000000000e+00 1.000000000000000e+00 
src volume info
valid = 1  # volume info valid
filename = /media/arevell/sharedSSD/linux/revellLab/tools/mniTemplate/freesurfer/mri/norm.mgz
volume = 256 256 256
voxelsize = 1.000000000000000e+00 1.000000000000000e+00 1.000000000000000e+00
xras   = -1.000000000000000e+00 0.000000000000000e+00 0.000000000000000e+00
yras   = 0.000000000000000e+00 0.000000000000000e+00 -1.000000000000000e+00
zras   = 0.000000000000000e+00 1.000000000000000e+00 0.000000000000000e+00
cras   = -1.000000000000000e+00 -1.700000000000000e+01 1.900000000000000e+01
dst volume info
valid = 1  # volume info valid
filename = /media/arevell/sharedSSD/linux/revellLab/tools/mniTemplate/freesurfer/mri/norm.mgz
volume = 256 256 256
voxelsize = 1.000000000000000e+00 1.000000000000000e+00 1.000000000000000e+00
xras   = -1.000000000000000e+00 0.000000000000000e+00 0.000000000000000e+00
yras   = 0.000000000000000e+00 0.000000000000000e+00 -1.000000000000000e+00
zras   = 0.000000000000000e+00 1.000000000000000e+00 0.000000000000000e+00
cras   = -1.000000000000000e+00 -1.700000000000000e+01 1.900000000000000e+01
